,African ancestry (%),Amerindigenous ancestry (%),European ancestry (%)
HG00096,0.0,0.0,0.0
HG00097,0.0,0.0,0.0
HG00099,0.0,0.0,0.0
HG00100,0.0,0.0,0.0
HG00101,0.0,0.0,0.0
HG00102,0.0,0.0,0.0
HG00103,0.0,0.0,0.0
HG00105,0.0,0.0,0.0
HG00106,0.0,0.0,0.0
HG00107,0.0,0.0,0.0
HG00108,0.0,0.0,0.0
HG00109,0.0,0.0,0.0
HG00110,0.0,0.0,0.0
HG00111,0.0,0.0,0.0
HG00112,0.0,0.0,0.0
HG00113,0.0,0.0,0.0
HG00114,0.0,0.0,0.0
HG00115,0.0,0.0,0.0
HG00116,0.0,0.0,0.0
HG00117,0.0,0.0,0.0
HG00118,0.0,0.0,0.0
HG00119,0.0,0.0,0.0
HG00120,0.0,0.0,0.0
HG00121,0.0,0.0,0.0
HG00122,0.0,0.0,0.0
HG00123,0.0,0.0,0.0
HG00125,0.0,0.0,0.0
HG00126,0.0,0.0,0.0
HG00127,0.0,0.0,0.0
HG00128,0.0,0.0,0.0
HG00129,0.0,0.0,0.0
HG00130,0.0,0.0,0.0
HG00131,0.0,0.0,0.0
HG00132,0.0,0.0,0.0
HG00133,0.0,0.0,0.0
HG00136,0.0,0.0,0.0
HG00137,0.0,0.0,0.0
HG00138,0.0,0.0,0.0
HG00139,0.0,0.0,0.0
HG00140,0.0,0.0,0.0
HG00141,0.0,0.0,0.0
HG00142,0.0,0.0,0.0
HG00143,0.0,0.0,0.0
HG00145,0.0,0.0,0.0
HG00146,0.0,0.0,0.0
HG00148,0.0,0.0,0.0
HG00149,0.0,0.0,0.0
HG00150,0.0,0.0,0.0
HG00151,0.0,0.0,0.0
HG00154,0.0,0.0,0.0
HG00155,0.0,0.0,0.0
HG00157,0.0,0.0,0.0
HG00158,0.0,0.0,0.0
HG00159,0.0,0.0,0.0
HG00160,0.0,0.0,0.0
HG00171,0.0,0.0,0.0
HG00173,0.0,0.0,0.0
HG00174,0.0,0.0,0.0
HG00176,0.0,0.0,0.0
HG00177,0.0,0.0,0.0
HG00178,0.0,0.0,0.0
HG00179,0.0,0.0,0.0
HG00180,0.0,0.0,0.0
HG00181,0.0,0.0,0.0
HG00182,0.0,0.0,0.0
HG00183,0.0,0.0,0.0
HG00185,0.0,0.0,0.0
HG00186,0.0,0.0,0.0
HG00187,0.0,0.0,0.0
HG00188,0.0,0.0,0.0
HG00189,0.0,0.0,0.0
HG00190,0.0,0.0,0.0
HG00231,0.0,0.0,0.0
HG00232,0.0,0.0,0.0
HG00233,0.0,0.0,0.0
HG00234,0.0,0.0,0.0
HG00235,0.0,0.0,0.0
HG00236,0.0,0.0,0.0
HG00237,0.0,0.0,0.0
HG00238,0.0,0.0,0.0
HG00239,0.0,0.0,0.0
HG00240,0.0,0.0,0.0
HG00242,0.0,0.0,0.0
HG00243,0.0,0.0,0.0
HG00244,0.0,0.0,0.0
HG00245,0.0,0.0,0.0
HG00246,0.0,0.0,0.0
HG00250,0.0,0.0,0.0
HG00251,0.0,0.0,0.0
HG00252,0.0,0.0,0.0
HG00253,0.0,0.0,0.0
HG00254,0.0,0.0,0.0
HG00255,0.0,0.0,0.0
HG00256,0.0,0.0,0.0
HG00257,0.0,0.0,0.0
HG00258,0.0,0.0,0.0
HG00259,0.0,0.0,0.0
HG00260,0.0,0.0,0.0
HG00261,0.0,0.0,0.0
HG00262,0.0,0.0,0.0
HG00263,0.0,0.0,0.0
HG00264,0.0,0.0,0.0
HG00265,0.0,0.0,0.0
HG00266,0.0,0.0,0.0
HG00267,0.0,0.0,0.0
HG00268,0.0,0.0,0.0
HG00269,0.0,0.0,0.0
HG00271,0.0,0.0,0.0
HG00272,0.0,0.0,0.0
HG00273,0.0,0.0,0.0
HG00274,0.0,0.0,0.0
HG00275,0.0,0.0,0.0
HG00276,0.0,0.0,0.0
HG00277,0.0,0.0,0.0
HG00278,0.0,0.0,0.0
HG00280,0.0,0.0,0.0
HG00281,0.0,0.0,0.0
HG00282,0.0,0.0,0.0
HG00284,0.0,0.0,0.0
HG00285,0.0,0.0,0.0
HG00288,0.0,0.0,0.0
HG00290,0.0,0.0,0.0
HG00304,0.0,0.0,0.0
HG00306,0.0,0.0,0.0
HG00308,0.0,0.0,0.0
HG00309,0.0,0.0,0.0
HG00310,0.0,0.0,0.0
HG00311,0.0,0.0,0.0
HG00313,0.0,0.0,0.0
HG00315,0.0,0.0,0.0
HG00318,0.0,0.0,0.0
HG00319,0.0,0.0,0.0
HG00320,0.0,0.0,0.0
HG00321,0.0,0.0,0.0
HG00323,0.0,0.0,0.0
HG00324,0.0,0.0,0.0
HG00325,0.0,0.0,0.0
HG00326,0.0,0.0,0.0
HG00327,0.0,0.0,0.0
HG00328,0.0,0.0,0.0
HG00329,0.0,0.0,0.0
HG00330,0.0,0.0,0.0
HG00331,0.0,0.0,0.0
HG00332,0.0,0.0,0.0
HG00334,0.0,0.0,0.0
HG00335,0.0,0.0,0.0
HG00336,0.0,0.0,0.0
HG00337,0.0,0.0,0.0
HG00338,0.0,0.0,0.0
HG00339,0.0,0.0,0.0
HG00341,0.0,0.0,0.0
HG00342,0.0,0.0,0.0
HG00343,0.0,0.0,0.0
HG00344,0.0,0.0,0.0
HG00345,0.0,0.0,0.0
HG00346,0.0,0.0,0.0
HG00349,0.0,0.0,0.0
HG00350,0.0,0.0,0.0
HG00351,0.0,0.0,0.0
HG00353,0.0,0.0,0.0
HG00355,0.0,0.0,0.0
HG00356,0.0,0.0,0.0
HG00357,0.0,0.0,0.0
HG00358,0.0,0.0,0.0
HG00360,0.0,0.0,0.0
HG00361,0.0,0.0,0.0
HG00362,0.0,0.0,0.0
HG00364,0.0,0.0,0.0
HG00365,0.0,0.0,0.0
HG00366,0.0,0.0,0.0
HG00367,0.0,0.0,0.0
HG00368,0.0,0.0,0.0
HG00369,0.0,0.0,0.0
HG00371,0.0,0.0,0.0
HG00372,0.0,0.0,0.0
HG00373,0.0,0.0,0.0
HG00375,0.0,0.0,0.0
HG00376,0.0,0.0,0.0
HG00378,0.0,0.0,0.0
HG00379,0.0,0.0,0.0
HG00380,0.0,0.0,0.0
HG00381,0.0,0.0,0.0
HG00382,0.0,0.0,0.0
HG00383,0.0,0.0,0.0
HG00384,0.0,0.0,0.0
HG00403,0.0,0.0,0.0
HG00404,0.0,0.0,0.0
HG00406,0.0,0.0,0.0
HG00407,0.0,0.0,0.0
HG00409,0.0,0.0,0.0
HG00410,0.0,0.0,0.0
HG00419,0.0,0.0,0.0
HG00421,0.0,0.0,0.0
HG00422,0.0,0.0,0.0
HG00428,0.0,0.0,0.0
HG00436,0.0,0.0,0.0
HG00437,0.0,0.0,0.0
HG00442,0.0,0.0,0.0
HG00443,0.0,0.0,0.0
HG00445,0.0,0.0,0.0
HG00446,0.0,0.0,0.0
HG00448,0.0,0.0,0.0
HG00449,0.0,0.0,0.0
HG00451,0.0,0.0,0.0
HG00452,0.0,0.0,0.0
HG00457,0.0,0.0,0.0
HG00458,0.0,0.0,0.0
HG00463,0.0,0.0,0.0
HG00464,0.0,0.0,0.0
HG00472,0.0,0.0,0.0
HG00473,0.0,0.0,0.0
HG00475,0.0,0.0,0.0
HG00476,0.0,0.0,0.0
HG00478,0.0,0.0,0.0
HG00479,0.0,0.0,0.0
HG00500,0.0,0.0,0.0
HG00513,0.0,0.0,0.0
HG00524,0.0,0.0,0.0
HG00525,0.0,0.0,0.0
HG00530,0.0,0.0,0.0
HG00531,0.0,0.0,0.0
HG00533,0.0,0.0,0.0
HG00534,0.0,0.0,0.0
HG00536,0.0,0.0,0.0
HG00537,0.0,0.0,0.0
HG00542,0.0,0.0,0.0
HG00543,0.0,0.0,0.0
HG00551,0.069856,0.093448,0.836695
HG00553,0.16544,0.138953,0.695607
HG00554,0.0671,0.073396,0.859503
HG00556,0.0,0.0,0.0
HG00557,0.0,0.0,0.0
HG00559,0.0,0.0,0.0
HG00560,0.0,0.0,0.0
HG00565,0.0,0.0,0.0
HG00566,0.0,0.0,0.0
HG00580,0.0,0.0,0.0
HG00581,0.0,0.0,0.0
HG00583,0.0,0.0,0.0
HG00584,0.0,0.0,0.0
HG00589,0.0,0.0,0.0
HG00590,0.0,0.0,0.0
HG00592,0.0,0.0,0.0
HG00593,0.0,0.0,0.0
HG00595,0.0,0.0,0.0
HG00596,0.0,0.0,0.0
HG00598,0.0,0.0,0.0
HG00599,0.0,0.0,0.0
HG00607,0.0,0.0,0.0
HG00608,0.0,0.0,0.0
HG00610,0.0,0.0,0.0
HG00611,0.0,0.0,0.0
HG00613,0.0,0.0,0.0
HG00614,0.0,0.0,0.0
HG00619,0.0,0.0,0.0
HG00620,0.0,0.0,0.0
HG00622,0.0,0.0,0.0
HG00623,0.0,0.0,0.0
HG00625,0.0,0.0,0.0
HG00626,0.0,0.0,0.0
HG00628,0.0,0.0,0.0
HG00629,0.0,0.0,0.0
HG00631,0.0,0.0,0.0
HG00632,0.0,0.0,0.0
HG00634,0.0,0.0,0.0
HG00637,0.147964,0.086051,0.765985
HG00638,0.16322,0.098739,0.738042
HG00640,0.05774,0.054805,0.887456
HG00641,0.066265,0.110937,0.822798
HG00650,0.0,0.0,0.0
HG00651,0.0,0.0,0.0
HG00653,0.0,0.0,0.0
HG00654,0.0,0.0,0.0
HG00656,0.0,0.0,0.0
HG00657,0.0,0.0,0.0
HG00662,0.0,0.0,0.0
HG00663,0.0,0.0,0.0
HG00671,0.0,0.0,0.0
HG00672,0.0,0.0,0.0
HG00674,0.0,0.0,0.0
HG00675,0.0,0.0,0.0
HG00683,0.0,0.0,0.0
HG00684,0.0,0.0,0.0
HG00689,0.0,0.0,0.0
HG00690,0.0,0.0,0.0
HG00692,0.0,0.0,0.0
HG00693,0.0,0.0,0.0
HG00698,0.0,0.0,0.0
HG00699,0.0,0.0,0.0
HG00701,0.0,0.0,0.0
HG00704,0.0,0.0,0.0
HG00705,0.0,0.0,0.0
HG00707,0.0,0.0,0.0
HG00708,0.0,0.0,0.0
HG00717,0.0,0.0,0.0
HG00728,0.0,0.0,0.0
HG00729,0.0,0.0,0.0
HG00731,0.006069,0.027305,0.966626
HG00732,0.03583,0.067685,0.896485
HG00734,0.09093,0.148022,0.761048
HG00736,0.044484,0.061649,0.893868
HG00737,0.058046,0.049108,0.892847
HG00739,0.039022,0.019836,0.941142
HG00740,0.100612,0.102948,0.79644
HG00742,0.042433,0.002166,0.955401
HG00743,0.075659,0.174411,0.74993
HG00759,0.0,0.0,0.0
HG00766,0.0,0.0,0.0
HG00844,0.0,0.0,0.0
HG00851,0.0,0.0,0.0
HG00864,0.0,0.0,0.0
HG00867,0.0,0.0,0.0
HG00879,0.0,0.0,0.0
HG00881,0.0,0.0,0.0
HG00956,0.0,0.0,0.0
HG00978,0.0,0.0,0.0
HG00982,0.0,0.0,0.0
HG01028,0.0,0.0,0.0
HG01029,0.0,0.0,0.0
HG01031,0.0,0.0,0.0
HG01046,0.0,0.0,0.0
HG01047,0.069904,0.051663,0.878434
HG01048,0.097981,0.080588,0.821431
HG01049,0.223424,0.095406,0.681169
HG01051,0.203855,0.147744,0.648401
HG01052,0.205797,0.141865,0.652338
HG01054,0.048498,0.107696,0.843806
HG01055,0.113085,0.053408,0.833507
HG01058,0.1153,0.108315,0.776385
HG01060,0.069527,0.063498,0.866975
HG01061,0.048591,0.084116,0.867293
HG01063,0.348181,0.092637,0.559182
HG01064,0.154223,0.073272,0.772505
HG01066,0.055397,0.074489,0.870114
HG01067,0.063399,0.086326,0.850275
HG01069,0.072207,0.108729,0.819064
HG01070,0.03252,0.099118,0.868361
HG01072,0.064098,0.083805,0.852097
HG01073,0.057467,0.099953,0.84258
HG01075,0.080096,0.004929,0.914975
HG01077,0.182687,0.149731,0.667582
HG01079,0.15464,0.0875,0.757859
HG01080,0.075176,0.16426,0.760564
HG01082,0.191411,0.106713,0.701877
HG01083,0.083624,0.112964,0.803412
HG01085,0.115284,0.075994,0.808722
HG01086,0.119788,0.139212,0.741
HG01088,0.171142,0.078059,0.750799
HG01089,0.137261,0.099134,0.763605
HG01092,0.248698,0.091438,0.659865
HG01094,0.120417,0.083619,0.795963
HG01095,0.091375,0.082433,0.826192
HG01097,0.072381,0.102125,0.825494
HG01098,0.078641,0.089774,0.831585
HG01101,0.131522,0.121153,0.747325
HG01102,0.151465,0.082928,0.765608
HG01104,0.078422,0.074902,0.846676
HG01105,0.058815,0.036149,0.905036
HG01107,0.214697,0.073644,0.711659
HG01108,0.649663,0.053636,0.296701
HG01110,0.112056,0.102959,0.784985
HG01111,0.099936,0.098504,0.80156
HG01112,1e-05,0.018881,0.981109
HG01113,1e-05,0.234533,0.765457
HG01119,0.000829,0.076439,0.922733
HG01121,0.037019,0.273395,0.689586
HG01122,0.05369,0.185619,0.760691
HG01124,0.138743,0.258596,0.602661
HG01125,0.086471,0.214616,0.698913
HG01130,0.04462,0.203461,0.75192
HG01131,0.052388,0.212398,0.735215
HG01133,0.008302,0.113083,0.878615
HG01134,0.111094,0.180031,0.708874
HG01136,0.074135,0.235412,0.690452
HG01137,0.012938,0.31006,0.677002
HG01139,0.170418,0.268833,0.560749
HG01140,0.030869,0.230367,0.738764
HG01142,0.180597,0.330194,0.489209
HG01148,0.043193,0.206637,0.750171
HG01149,0.09676,0.407711,0.495529
HG01161,0.17086,0.114448,0.714693
HG01162,0.081266,0.11168,0.807054
HG01164,0.085267,0.069461,0.845272
HG01167,0.220906,0.101411,0.677683
HG01168,0.019541,0.014165,0.966294
HG01170,0.108027,0.114096,0.777877
HG01171,0.18225,0.099517,0.718233
HG01173,0.060192,0.011945,0.927863
HG01174,0.050494,0.066489,0.883018
HG01176,0.073585,0.106285,0.82013
HG01177,0.061846,0.136816,0.801338
HG01182,0.124738,0.107116,0.768146
HG01183,0.110939,0.122444,0.766616
HG01187,0.165644,0.204948,0.629409
HG01188,0.208744,0.172452,0.618804
HG01190,0.149407,0.178938,0.671655
HG01191,0.083124,0.14262,0.774255
HG01197,0.047718,0.095125,0.857158
HG01198,0.174619,0.107025,0.718356
HG01200,0.030083,0.036046,0.933871
HG01204,0.097269,0.084558,0.818173
HG01205,0.096608,0.06924,0.834151
HG01241,0.697005,0.062426,0.240569
HG01242,0.519563,0.042486,0.437951
HG01247,0.187283,0.129684,0.683033
HG01248,0.101671,0.065866,0.832462
HG01250,0.068994,0.278308,0.652699
HG01251,0.009763,0.216264,0.773972
HG01253,0.026876,0.179047,0.794076
HG01254,0.172101,0.256684,0.571215
HG01256,1e-05,0.114721,0.885269
HG01257,1e-05,0.252368,0.747622
HG01259,0.011797,0.077939,0.910264
HG01260,0.121609,0.273799,0.604593
HG01269,0.056306,0.217178,0.726516
HG01271,0.070215,0.211518,0.718267
HG01272,0.17719,0.278198,0.544611
HG01275,1e-05,1e-05,0.99998
HG01277,1e-05,0.314304,0.685686
HG01280,0.000259,0.230704,0.769037
HG01281,0.012479,0.210193,0.777328
HG01284,0.051934,0.17794,0.770126
HG01286,0.229574,0.10018,0.670247
HG01302,0.103533,0.132921,0.763546
HG01303,0.106806,0.139042,0.754152
HG01305,0.138502,0.126705,0.734793
HG01308,0.216399,0.105727,0.677875
HG01311,0.07957,0.040719,0.879711
HG01312,0.117479,0.08759,0.794931
HG01323,0.102722,0.109814,0.787464
HG01325,0.120358,0.042422,0.837219
HG01326,0.085403,0.128091,0.786506
HG01334,0.0,0.0,0.0
HG01341,0.000863,0.560466,0.438671
HG01342,0.357484,0.197391,0.445125
HG01344,0.022302,0.37549,0.602208
HG01345,0.044771,0.179972,0.775257
HG01348,0.035473,0.345263,0.619264
HG01350,0.063973,0.34949,0.586537
HG01351,1e-05,0.240551,0.759439
HG01353,0.013293,0.146484,0.840223
HG01354,1e-05,0.105324,0.894666
HG01356,0.049016,0.267786,0.683198
HG01357,1e-05,0.240606,0.759384
HG01359,0.028524,0.207429,0.764047
HG01360,0.049099,0.189593,0.761309
HG01362,0.113252,0.196662,0.690086
HG01363,0.169653,0.277611,0.552736
HG01365,0.135928,0.247121,0.61695
HG01366,0.0929,0.22091,0.686191
HG01369,0.121862,0.483433,0.394705
HG01372,0.027087,0.273951,0.698962
HG01374,1e-05,0.215266,0.784724
HG01375,0.128498,0.27349,0.598012
HG01377,0.086493,0.260383,0.653124
HG01378,0.031571,0.342159,0.62627
HG01383,0.015741,0.203613,0.780646
HG01384,0.045453,0.179313,0.775234
HG01389,0.042939,0.088127,0.868935
HG01390,0.281136,0.268942,0.449922
HG01392,0.151616,0.14246,0.705924
HG01393,0.201203,0.103084,0.695713
HG01395,0.067945,0.077701,0.854354
HG01396,0.161614,0.161733,0.676653
HG01398,0.160075,0.121954,0.717972
HG01402,0.15539,0.132895,0.711716
HG01403,0.163987,0.128136,0.707877
HG01405,0.085591,0.069318,0.84509
HG01412,0.074939,0.167945,0.757116
HG01413,0.1316,0.15228,0.71612
HG01414,0.131512,0.130463,0.738025
HG01431,0.100479,0.238823,0.660698
HG01432,0.01501,0.193056,0.791934
HG01435,0.036997,0.493022,0.469981
HG01437,1e-05,0.065119,0.934871
HG01438,1e-05,1e-05,0.99998
HG01440,0.165538,0.204327,0.630135
HG01441,0.016031,0.372986,0.610983
HG01443,0.039687,0.541463,0.41885
HG01444,0.090759,0.246263,0.662978
HG01447,0.061393,0.209102,0.729505
HG01455,0.023051,0.356854,0.620095
HG01456,0.03935,0.347419,0.613231
HG01459,0.023454,0.374681,0.601865
HG01461,0.172025,0.352555,0.47542
HG01462,0.288349,0.294414,0.417237
HG01464,0.187086,0.288879,0.524036
HG01465,1e-05,0.137188,0.862802
HG01468,1e-05,0.127413,0.872577
HG01474,1e-05,0.108651,0.891339
HG01479,0.003218,0.074383,0.922399
HG01485,0.364897,0.252909,0.382194
HG01486,0.024035,0.318299,0.657666
HG01488,0.146697,0.101487,0.751816
HG01489,1e-05,0.072037,0.927953
HG01491,1e-05,0.103102,0.896888
HG01492,0.010843,0.158641,0.830516
HG01494,0.095913,0.38243,0.521658
HG01495,0.119105,0.355326,0.525569
HG01497,0.031051,0.326027,0.642922
HG01498,0.034458,0.305709,0.659833
HG01500,0.0,0.0,0.0
HG01501,0.0,0.0,0.0
HG01503,0.0,0.0,0.0
HG01504,0.0,0.0,0.0
HG01506,0.0,0.0,0.0
HG01507,0.0,0.0,0.0
HG01509,0.0,0.0,0.0
HG01510,0.0,0.0,0.0
HG01512,0.0,0.0,0.0
HG01513,0.0,0.0,0.0
HG01515,0.0,0.0,0.0
HG01516,0.0,0.0,0.0
HG01518,0.0,0.0,0.0
HG01519,0.0,0.0,0.0
HG01521,0.0,0.0,0.0
HG01522,0.0,0.0,0.0
HG01524,0.0,0.0,0.0
HG01525,0.0,0.0,0.0
HG01527,0.0,0.0,0.0
HG01528,0.0,0.0,0.0
HG01530,0.0,0.0,0.0
HG01531,0.0,0.0,0.0
HG01536,0.0,0.0,0.0
HG01537,0.0,0.0,0.0
HG01550,0.045229,0.176265,0.778506
HG01551,0.389696,0.213573,0.396731
HG01556,0.22284,0.301743,0.475417
HG01565,1e-05,0.699975,0.300015
HG01566,0.009165,0.455451,0.535383
HG01571,1e-05,0.66731,0.33268
HG01572,1e-05,0.99998,1e-05
HG01577,0.05997,0.422064,0.517966
HG01578,0.006994,0.608594,0.384412
HG01583,0.0,0.0,0.0
HG01586,0.0,0.0,0.0
HG01589,0.0,0.0,0.0
HG01593,0.0,0.0,0.0
HG01595,0.0,0.0,0.0
HG01596,0.0,0.0,0.0
HG01597,0.0,0.0,0.0
HG01598,0.0,0.0,0.0
HG01599,0.0,0.0,0.0
HG01600,0.0,0.0,0.0
HG01602,0.0,0.0,0.0
HG01603,0.0,0.0,0.0
HG01605,0.0,0.0,0.0
HG01606,0.0,0.0,0.0
HG01607,0.0,0.0,0.0
HG01608,0.0,0.0,0.0
HG01610,0.0,0.0,0.0
HG01612,0.0,0.0,0.0
HG01613,0.0,0.0,0.0
HG01615,0.0,0.0,0.0
HG01617,0.0,0.0,0.0
HG01618,0.0,0.0,0.0
HG01619,0.0,0.0,0.0
HG01620,0.0,0.0,0.0
HG01623,0.0,0.0,0.0
HG01624,0.0,0.0,0.0
HG01625,0.0,0.0,0.0
HG01626,0.0,0.0,0.0
HG01628,0.0,0.0,0.0
HG01630,0.0,0.0,0.0
HG01631,0.0,0.0,0.0
HG01632,0.0,0.0,0.0
HG01668,0.0,0.0,0.0
HG01669,0.0,0.0,0.0
HG01670,0.0,0.0,0.0
HG01672,0.0,0.0,0.0
HG01673,0.0,0.0,0.0
HG01675,0.0,0.0,0.0
HG01676,0.0,0.0,0.0
HG01678,0.0,0.0,0.0
HG01679,0.0,0.0,0.0
HG01680,0.0,0.0,0.0
HG01682,0.0,0.0,0.0
HG01684,0.0,0.0,0.0
HG01685,0.0,0.0,0.0
HG01686,0.0,0.0,0.0
HG01694,0.0,0.0,0.0
HG01695,0.0,0.0,0.0
HG01697,0.0,0.0,0.0
HG01699,0.0,0.0,0.0
HG01700,0.0,0.0,0.0
HG01702,0.0,0.0,0.0
HG01704,0.0,0.0,0.0
HG01705,0.0,0.0,0.0
HG01707,0.0,0.0,0.0
HG01708,0.0,0.0,0.0
HG01709,0.0,0.0,0.0
HG01710,0.0,0.0,0.0
HG01746,0.0,0.0,0.0
HG01747,0.0,0.0,0.0
HG01756,0.0,0.0,0.0
HG01757,0.0,0.0,0.0
HG01761,0.0,0.0,0.0
HG01762,0.0,0.0,0.0
HG01765,0.0,0.0,0.0
HG01766,0.0,0.0,0.0
HG01767,0.0,0.0,0.0
HG01768,0.0,0.0,0.0
HG01770,0.0,0.0,0.0
HG01771,0.0,0.0,0.0
HG01773,0.0,0.0,0.0
HG01775,0.0,0.0,0.0
HG01776,0.0,0.0,0.0
HG01777,0.0,0.0,0.0
HG01779,0.0,0.0,0.0
HG01781,0.0,0.0,0.0
HG01783,0.0,0.0,0.0
HG01784,0.0,0.0,0.0
HG01785,0.0,0.0,0.0
HG01786,0.0,0.0,0.0
HG01789,0.0,0.0,0.0
HG01790,0.0,0.0,0.0
HG01791,0.0,0.0,0.0
HG01794,0.0,0.0,0.0
HG01795,0.0,0.0,0.0
HG01796,0.0,0.0,0.0
HG01797,0.0,0.0,0.0
HG01798,0.0,0.0,0.0
HG01799,0.0,0.0,0.0
HG01800,0.0,0.0,0.0
HG01801,0.0,0.0,0.0
HG01802,0.0,0.0,0.0
HG01804,0.0,0.0,0.0
HG01805,0.0,0.0,0.0
HG01806,0.0,0.0,0.0
HG01807,0.0,0.0,0.0
HG01808,0.0,0.0,0.0
HG01809,0.0,0.0,0.0
HG01810,0.0,0.0,0.0
HG01811,0.0,0.0,0.0
HG01812,0.0,0.0,0.0
HG01813,0.0,0.0,0.0
HG01815,0.0,0.0,0.0
HG01816,0.0,0.0,0.0
HG01817,0.0,0.0,0.0
HG01840,0.0,0.0,0.0
HG01841,0.0,0.0,0.0
HG01842,0.0,0.0,0.0
HG01843,0.0,0.0,0.0
HG01844,0.0,0.0,0.0
HG01845,0.0,0.0,0.0
HG01846,0.0,0.0,0.0
HG01847,0.0,0.0,0.0
HG01848,0.0,0.0,0.0
HG01849,0.0,0.0,0.0
HG01850,0.0,0.0,0.0
HG01851,0.0,0.0,0.0
HG01852,0.0,0.0,0.0
HG01853,0.0,0.0,0.0
HG01855,0.0,0.0,0.0
HG01857,0.0,0.0,0.0
HG01858,0.0,0.0,0.0
HG01859,0.0,0.0,0.0
HG01860,0.0,0.0,0.0
HG01861,0.0,0.0,0.0
HG01862,0.0,0.0,0.0
HG01863,0.0,0.0,0.0
HG01864,0.0,0.0,0.0
HG01865,0.0,0.0,0.0
HG01866,0.0,0.0,0.0
HG01867,0.0,0.0,0.0
HG01868,0.0,0.0,0.0
HG01869,0.0,0.0,0.0
HG01870,0.0,0.0,0.0
HG01871,0.0,0.0,0.0
HG01872,0.0,0.0,0.0
HG01873,0.0,0.0,0.0
HG01874,0.0,0.0,0.0
HG01878,0.0,0.0,0.0
HG01879,0.868043,0.007965,0.123992
HG01880,0.62416,0.092544,0.283297
HG01882,0.99998,1e-05,1e-05
HG01883,0.888422,1e-05,0.111568
HG01885,0.977832,1e-05,0.022158
HG01886,0.917165,1e-05,0.082825
HG01889,0.99998,1e-05,1e-05
HG01890,0.898672,0.000231,0.101097
HG01892,0.061932,0.736577,0.201491
HG01893,0.118651,0.568438,0.312911
HG01894,0.953121,1e-05,0.046869
HG01896,0.99998,1e-05,1e-05
HG01912,0.940232,1e-05,0.059758
HG01914,0.882826,1e-05,0.117164
HG01915,0.96345,0.001351,0.035199
HG01917,0.001487,0.89903,0.099484
HG01918,1e-05,0.795247,0.204743
HG01920,1e-05,0.99998,1e-05
HG01921,1e-05,0.781003,0.218987
HG01923,1e-05,0.99998,1e-05
HG01924,0.124587,0.728353,0.14706
HG01926,1.8e-05,0.999972,1e-05
HG01927,1e-05,0.99998,1e-05
HG01932,1e-05,0.834195,0.165795
HG01933,0.104713,0.665049,0.230239
HG01935,1e-05,0.757512,0.242478
HG01936,0.028706,0.67941,0.291883
HG01938,1.2e-05,0.999978,1e-05
HG01939,0.002152,0.801326,0.196522
HG01941,0.058178,0.840616,0.101206
HG01942,1e-05,0.868041,0.131949
HG01944,0.075763,0.70789,0.216348
HG01945,1e-05,0.80538,0.19461
HG01947,0.024754,0.613176,0.362071
HG01948,0.188848,0.696717,0.114435
HG01950,0.055048,0.869671,0.075281
HG01951,1e-05,0.99998,1e-05
HG01953,1e-05,0.930082,0.069908
HG01954,1e-05,0.956583,0.043407
HG01956,0.956493,1e-05,0.043497
HG01958,0.884626,0.007949,0.107425
HG01961,1e-05,0.99998,1e-05
HG01965,0.081416,0.605976,0.312608
HG01967,1e-05,0.653157,0.346833
HG01968,1e-05,0.99998,1e-05
HG01970,1e-05,0.666144,0.333846
HG01971,0.161702,0.567229,0.271069
HG01973,0.031665,0.838408,0.129927
HG01974,1e-05,0.99998,1e-05
HG01976,0.002844,0.691207,0.305949
HG01977,1e-05,0.813645,0.186345
HG01979,1e-05,0.730059,0.269931
HG01980,0.028886,0.746049,0.225065
HG01982,1e-05,0.809754,0.190236
HG01985,0.951469,0.00073,0.047801
HG01986,0.898694,1e-05,0.101296
HG01988,0.575723,1e-05,0.424267
HG01989,0.875094,1e-05,0.124896
HG01990,0.954053,1e-05,0.045937
HG01991,0.01485,0.759826,0.225324
HG01992,1e-05,0.940577,0.059413
HG01997,1e-05,0.916867,0.083123
HG02002,1e-05,0.800835,0.199155
HG02003,0.000106,0.851731,0.148163
HG02006,0.396547,0.316873,0.28658
HG02008,0.00138,0.85712,0.1415
HG02009,0.875323,1e-05,0.124667
HG02010,0.872224,1e-05,0.127766
HG02012,0.957624,1e-05,0.042366
HG02013,0.99998,1e-05,1e-05
HG02014,0.906387,1e-05,0.093603
HG02016,0.0,0.0,0.0
HG02017,0.0,0.0,0.0
HG02019,0.0,0.0,0.0
HG02020,0.0,0.0,0.0
HG02023,0.0,0.0,0.0
HG02025,0.0,0.0,0.0
HG02026,0.0,0.0,0.0
HG02028,0.0,0.0,0.0
HG02029,0.0,0.0,0.0
HG02031,0.0,0.0,0.0
HG02032,0.0,0.0,0.0
HG02035,0.0,0.0,0.0
HG02040,0.0,0.0,0.0
HG02047,0.0,0.0,0.0
HG02048,0.0,0.0,0.0
HG02049,0.0,0.0,0.0
HG02050,0.0,0.0,0.0
HG02051,0.99998,1e-05,1e-05
HG02052,0.99998,1e-05,1e-05
HG02053,0.964302,6.2e-05,0.035636
HG02054,0.899923,3.3e-05,0.100043
HG02057,0.0,0.0,0.0
HG02058,0.0,0.0,0.0
HG02060,0.0,0.0,0.0
HG02061,0.0,0.0,0.0
HG02064,0.0,0.0,0.0
HG02067,0.0,0.0,0.0
HG02069,0.0,0.0,0.0
HG02070,0.0,0.0,0.0
HG02072,0.0,0.0,0.0
HG02073,0.0,0.0,0.0
HG02075,0.0,0.0,0.0
HG02076,0.0,0.0,0.0
HG02078,0.0,0.0,0.0
HG02079,0.0,0.0,0.0
HG02081,0.0,0.0,0.0
HG02082,0.0,0.0,0.0
HG02084,0.0,0.0,0.0
HG02085,0.0,0.0,0.0
HG02086,0.0,0.0,0.0
HG02087,0.0,0.0,0.0
HG02088,0.0,0.0,0.0
HG02089,0.006098,0.666601,0.327301
HG02090,0.121956,0.579309,0.298735
HG02095,0.970212,1e-05,0.029778
HG02102,0.004017,0.870425,0.125558
HG02104,1e-05,0.942263,0.057727
HG02105,1e-05,0.99998,1e-05
HG02107,0.99998,1e-05,1e-05
HG02108,0.860424,1e-05,0.139566
HG02111,0.96506,1e-05,0.03493
HG02113,0.0,0.0,0.0
HG02116,0.0,0.0,0.0
HG02121,0.0,0.0,0.0
HG02122,0.0,0.0,0.0
HG02127,0.0,0.0,0.0
HG02128,0.0,0.0,0.0
HG02130,0.0,0.0,0.0
HG02131,0.0,0.0,0.0
HG02133,0.0,0.0,0.0
HG02134,0.0,0.0,0.0
HG02136,0.0,0.0,0.0
HG02137,0.0,0.0,0.0
HG02138,0.0,0.0,0.0
HG02139,0.0,0.0,0.0
HG02140,0.0,0.0,0.0
HG02141,0.0,0.0,0.0
HG02142,0.0,0.0,0.0
HG02143,0.847469,1e-05,0.152521
HG02144,0.975215,0.004326,0.020459
HG02146,1e-05,0.935409,0.064581
HG02147,1e-05,0.970532,0.029458
HG02150,1e-05,0.99998,1e-05
HG02151,0.0,0.0,0.0
HG02152,0.0,0.0,0.0
HG02153,0.0,0.0,0.0
HG02154,0.0,0.0,0.0
HG02155,0.0,0.0,0.0
HG02156,0.0,0.0,0.0
HG02164,0.0,0.0,0.0
HG02165,0.0,0.0,0.0
HG02166,0.0,0.0,0.0
HG02178,0.0,0.0,0.0
HG02179,0.0,0.0,0.0
HG02180,0.0,0.0,0.0
HG02181,0.0,0.0,0.0
HG02182,0.0,0.0,0.0
HG02184,0.0,0.0,0.0
HG02185,0.0,0.0,0.0
HG02186,0.0,0.0,0.0
HG02187,0.0,0.0,0.0
HG02188,0.0,0.0,0.0
HG02190,0.0,0.0,0.0
HG02215,0.0,0.0,0.0
HG02219,0.0,0.0,0.0
HG02220,0.0,0.0,0.0
HG02221,0.0,0.0,0.0
HG02223,0.0,0.0,0.0
HG02224,0.0,0.0,0.0
HG02230,0.0,0.0,0.0
HG02231,0.0,0.0,0.0
HG02232,0.0,0.0,0.0
HG02233,0.0,0.0,0.0
HG02235,0.0,0.0,0.0
HG02236,0.0,0.0,0.0
HG02238,0.0,0.0,0.0
HG02239,0.0,0.0,0.0
HG02250,0.0,0.0,0.0
HG02252,0.013516,0.671673,0.314811
HG02253,1e-05,0.550112,0.449878
HG02255,0.967998,0.002969,0.029033
HG02256,0.808898,0.021275,0.169827
HG02259,1.7e-05,0.999973,1e-05
HG02260,1e-05,0.864028,0.135962
HG02262,1e-05,0.81122,0.18877
HG02265,1e-05,0.99998,1e-05
HG02266,1e-05,0.966816,0.033174
HG02271,1e-05,0.99998,1e-05
HG02272,1.6e-05,0.999974,1e-05
HG02274,0.255626,0.622236,0.122138
HG02275,1e-05,0.99998,1e-05
HG02277,1e-05,0.690819,0.309171
HG02278,1e-05,0.94237,0.05762
HG02281,0.99998,1e-05,1e-05
HG02282,0.832227,1e-05,0.167763
HG02283,0.827223,1e-05,0.172767
HG02284,0.872214,1e-05,0.127776
HG02285,0.010593,0.819162,0.170245
HG02286,1e-05,0.771708,0.228282
HG02291,1.1e-05,0.999979,1e-05
HG02292,1e-05,0.906656,0.093334
HG02298,0.007873,0.626946,0.365182
HG02299,1e-05,0.90701,0.09298
HG02301,1e-05,0.850942,0.149048
HG02304,0.051798,0.792378,0.155824
HG02307,0.976379,1e-05,0.023611
HG02308,0.924652,1e-05,0.075338
HG02309,0.931968,0.000646,0.067385
HG02312,1e-05,0.628502,0.371488
HG02314,0.967532,1e-05,0.032458
HG02315,0.903558,0.001052,0.09539
HG02317,0.983499,1e-05,0.016491
HG02318,0.990059,1e-05,0.009931
HG02322,0.906961,1e-05,0.093029
HG02323,0.961254,1e-05,0.038736
HG02325,0.99998,1e-05,1e-05
HG02330,0.931516,1e-05,0.068474
HG02332,0.94283,1e-05,0.05716
HG02334,0.784998,1e-05,0.214992
HG02337,0.915434,1e-05,0.084556
HG02339,0.99998,1e-05,1e-05
HG02343,0.806165,1e-05,0.193825
HG02345,0.089479,0.494278,0.416243
HG02348,1e-05,0.873665,0.126325
HG02351,0.0,0.0,0.0
HG02353,0.0,0.0,0.0
HG02355,0.0,0.0,0.0
HG02356,0.0,0.0,0.0
HG02360,0.0,0.0,0.0
HG02364,0.0,0.0,0.0
HG02367,0.0,0.0,0.0
HG02371,0.0,0.0,0.0
HG02373,0.0,0.0,0.0
HG02374,0.0,0.0,0.0
HG02375,0.0,0.0,0.0
HG02379,0.0,0.0,0.0
HG02380,0.0,0.0,0.0
HG02382,0.0,0.0,0.0
HG02383,0.0,0.0,0.0
HG02384,0.0,0.0,0.0
HG02385,0.0,0.0,0.0
HG02386,0.0,0.0,0.0
HG02389,0.0,0.0,0.0
HG02390,0.0,0.0,0.0
HG02391,0.0,0.0,0.0
HG02392,0.0,0.0,0.0
HG02394,0.0,0.0,0.0
HG02395,0.0,0.0,0.0
HG02396,0.0,0.0,0.0
HG02397,0.0,0.0,0.0
HG02398,0.0,0.0,0.0
HG02399,0.0,0.0,0.0
HG02401,0.0,0.0,0.0
HG02402,0.0,0.0,0.0
HG02406,0.0,0.0,0.0
HG02407,0.0,0.0,0.0
HG02408,0.0,0.0,0.0
HG02409,0.0,0.0,0.0
HG02410,0.0,0.0,0.0
HG02419,0.971151,0.004911,0.023938
HG02420,0.588499,1e-05,0.411491
HG02425,0.051824,0.57841,0.369766
HG02427,0.950098,1e-05,0.049892
HG02429,0.956578,1e-05,0.043412
HG02433,0.915038,0.002631,0.08233
HG02439,0.980507,1e-05,0.019483
HG02442,0.999975,1.5e-05,1e-05
HG02445,0.858782,1e-05,0.141208
HG02449,0.985199,1e-05,0.014791
HG02450,0.956272,1e-05,0.043718
HG02455,0.89254,0.003073,0.104387
HG02461,0.0,0.0,0.0
HG02462,0.0,0.0,0.0
HG02464,0.0,0.0,0.0
HG02465,0.0,0.0,0.0
HG02470,0.970489,1e-05,0.029501
HG02471,0.958563,1e-05,0.041427
HG02476,0.864848,1e-05,0.135142
HG02477,0.895524,1e-05,0.104466
HG02479,0.954374,1e-05,0.045616
HG02481,0.946277,0.002112,0.051611
HG02484,0.935544,1e-05,0.064446
HG02485,0.767177,1e-05,0.232813
HG02489,0.904832,1e-05,0.095158
HG02490,0.0,0.0,0.0
HG02491,0.0,0.0,0.0
HG02493,0.0,0.0,0.0
HG02494,0.0,0.0,0.0
HG02496,0.958112,1e-05,0.041878
HG02497,0.990321,0.00619,0.00349
HG02501,0.813847,1e-05,0.186143
HG02502,0.850805,0.000368,0.148828
HG02505,0.936659,0.003697,0.059644
HG02508,0.959942,0.005807,0.034251
HG02511,0.980194,0.004831,0.014975
HG02512,0.0,0.0,0.0
HG02513,0.0,0.0,0.0
HG02521,0.0,0.0,0.0
HG02522,0.0,0.0,0.0
HG02536,0.845616,1e-05,0.154374
HG02537,0.986514,1e-05,0.013476
HG02541,0.83975,7.7e-05,0.160173
HG02545,0.949978,1e-05,0.050012
HG02546,0.958682,0.006205,0.035113
HG02549,0.99998,1e-05,1e-05
HG02554,0.919224,0.000722,0.080054
HG02555,0.928551,1e-05,0.071439
HG02557,0.979923,0.001818,0.01826
HG02558,0.933429,0.004548,0.062024
HG02561,0.0,0.0,0.0
HG02562,0.0,0.0,0.0
HG02568,0.0,0.0,0.0
HG02570,0.0,0.0,0.0
HG02571,0.0,0.0,0.0
HG02573,0.0,0.0,0.0
HG02574,0.0,0.0,0.0
HG02577,0.82475,1e-05,0.17524
HG02580,0.889401,1e-05,0.110589
HG02582,0.0,0.0,0.0
HG02583,0.0,0.0,0.0
HG02585,0.0,0.0,0.0
HG02586,0.0,0.0,0.0
HG02588,0.0,0.0,0.0
HG02589,0.0,0.0,0.0
HG02594,0.0,0.0,0.0
HG02595,0.0,0.0,0.0
HG02597,0.0,0.0,0.0
HG02600,0.0,0.0,0.0
HG02601,0.0,0.0,0.0
HG02603,0.0,0.0,0.0
HG02604,0.0,0.0,0.0
HG02610,0.0,0.0,0.0
HG02611,0.0,0.0,0.0
HG02613,0.0,0.0,0.0
HG02614,0.0,0.0,0.0
HG02620,0.0,0.0,0.0
HG02621,0.0,0.0,0.0
HG02623,0.0,0.0,0.0
HG02624,0.0,0.0,0.0
HG02628,0.0,0.0,0.0
HG02629,0.0,0.0,0.0
HG02634,0.0,0.0,0.0
HG02635,0.0,0.0,0.0
HG02642,0.0,0.0,0.0
HG02643,0.0,0.0,0.0
HG02645,0.0,0.0,0.0
HG02646,0.0,0.0,0.0
HG02648,0.0,0.0,0.0
HG02649,0.0,0.0,0.0
HG02651,0.0,0.0,0.0
HG02652,0.0,0.0,0.0
HG02654,0.0,0.0,0.0
HG02655,0.0,0.0,0.0
HG02657,0.0,0.0,0.0
HG02658,0.0,0.0,0.0
HG02660,0.0,0.0,0.0
HG02661,0.0,0.0,0.0
HG02666,0.0,0.0,0.0
HG02667,0.0,0.0,0.0
HG02675,0.0,0.0,0.0
HG02676,0.0,0.0,0.0
HG02678,0.0,0.0,0.0
HG02679,0.0,0.0,0.0
HG02681,0.0,0.0,0.0
HG02682,0.0,0.0,0.0
HG02684,0.0,0.0,0.0
HG02685,0.0,0.0,0.0
HG02687,0.0,0.0,0.0
HG02688,0.0,0.0,0.0
HG02690,0.0,0.0,0.0
HG02691,0.0,0.0,0.0
HG02694,0.0,0.0,0.0
HG02696,0.0,0.0,0.0
HG02697,0.0,0.0,0.0
HG02699,0.0,0.0,0.0
HG02700,0.0,0.0,0.0
HG02702,0.0,0.0,0.0
HG02703,0.0,0.0,0.0
HG02715,0.0,0.0,0.0
HG02716,0.0,0.0,0.0
HG02721,0.0,0.0,0.0
HG02722,0.0,0.0,0.0
HG02724,0.0,0.0,0.0
HG02725,0.0,0.0,0.0
HG02727,0.0,0.0,0.0
HG02728,0.0,0.0,0.0
HG02731,0.0,0.0,0.0
HG02733,0.0,0.0,0.0
HG02734,0.0,0.0,0.0
HG02736,0.0,0.0,0.0
HG02737,0.0,0.0,0.0
HG02756,0.0,0.0,0.0
HG02757,0.0,0.0,0.0
HG02759,0.0,0.0,0.0
HG02760,0.0,0.0,0.0
HG02763,0.0,0.0,0.0
HG02768,0.0,0.0,0.0
HG02769,0.0,0.0,0.0
HG02771,0.0,0.0,0.0
HG02772,0.0,0.0,0.0
HG02774,0.0,0.0,0.0
HG02775,0.0,0.0,0.0
HG02778,0.0,0.0,0.0
HG02780,0.0,0.0,0.0
HG02783,0.0,0.0,0.0
HG02784,0.0,0.0,0.0
HG02786,0.0,0.0,0.0
HG02787,0.0,0.0,0.0
HG02789,0.0,0.0,0.0
HG02790,0.0,0.0,0.0
HG02792,0.0,0.0,0.0
HG02793,0.0,0.0,0.0
HG02798,0.0,0.0,0.0
HG02799,0.0,0.0,0.0
HG02804,0.0,0.0,0.0
HG02805,0.0,0.0,0.0
HG02807,0.0,0.0,0.0
HG02808,0.0,0.0,0.0
HG02810,0.0,0.0,0.0
HG02811,0.0,0.0,0.0
HG02813,0.0,0.0,0.0
HG02814,0.0,0.0,0.0
HG02816,0.0,0.0,0.0
HG02817,0.0,0.0,0.0
HG02819,0.0,0.0,0.0
HG02820,0.0,0.0,0.0
HG02836,0.0,0.0,0.0
HG02837,0.0,0.0,0.0
HG02839,0.0,0.0,0.0
HG02840,0.0,0.0,0.0
HG02851,0.0,0.0,0.0
HG02852,0.0,0.0,0.0
HG02854,0.0,0.0,0.0
HG02855,0.0,0.0,0.0
HG02860,0.0,0.0,0.0
HG02861,0.0,0.0,0.0
HG02870,0.0,0.0,0.0
HG02878,0.0,0.0,0.0
HG02879,0.0,0.0,0.0
HG02881,0.0,0.0,0.0
HG02882,0.0,0.0,0.0
HG02884,0.0,0.0,0.0
HG02885,0.0,0.0,0.0
HG02887,0.0,0.0,0.0
HG02888,0.0,0.0,0.0
HG02890,0.0,0.0,0.0
HG02891,0.0,0.0,0.0
HG02895,0.0,0.0,0.0
HG02896,0.0,0.0,0.0
HG02922,0.0,0.0,0.0
HG02923,0.0,0.0,0.0
HG02938,0.0,0.0,0.0
HG02941,0.0,0.0,0.0
HG02943,0.0,0.0,0.0
HG02944,0.0,0.0,0.0
HG02946,0.0,0.0,0.0
HG02947,0.0,0.0,0.0
HG02952,0.0,0.0,0.0
HG02953,0.0,0.0,0.0
HG02968,0.0,0.0,0.0
HG02970,0.0,0.0,0.0
HG02971,0.0,0.0,0.0
HG02973,0.0,0.0,0.0
HG02974,0.0,0.0,0.0
HG02976,0.0,0.0,0.0
HG02977,0.0,0.0,0.0
HG02979,0.0,0.0,0.0
HG02981,0.0,0.0,0.0
HG02982,0.0,0.0,0.0
HG02983,0.0,0.0,0.0
HG03006,0.0,0.0,0.0
HG03007,0.0,0.0,0.0
HG03009,0.0,0.0,0.0
HG03012,0.0,0.0,0.0
HG03015,0.0,0.0,0.0
HG03016,0.0,0.0,0.0
HG03018,0.0,0.0,0.0
HG03019,0.0,0.0,0.0
HG03021,0.0,0.0,0.0
HG03022,0.0,0.0,0.0
HG03024,0.0,0.0,0.0
HG03025,0.0,0.0,0.0
HG03027,0.0,0.0,0.0
HG03028,0.0,0.0,0.0
HG03039,0.0,0.0,0.0
HG03040,0.0,0.0,0.0
HG03045,0.0,0.0,0.0
HG03046,0.0,0.0,0.0
HG03048,0.0,0.0,0.0
HG03049,0.0,0.0,0.0
HG03052,0.0,0.0,0.0
HG03054,0.0,0.0,0.0
HG03055,0.0,0.0,0.0
HG03057,0.0,0.0,0.0
HG03058,0.0,0.0,0.0
HG03060,0.0,0.0,0.0
HG03061,0.0,0.0,0.0
HG03063,0.0,0.0,0.0
HG03064,0.0,0.0,0.0
HG03066,0.0,0.0,0.0
HG03069,0.0,0.0,0.0
HG03072,0.0,0.0,0.0
HG03073,0.0,0.0,0.0
HG03074,0.0,0.0,0.0
HG03077,0.0,0.0,0.0
HG03078,0.0,0.0,0.0
HG03079,0.0,0.0,0.0
HG03081,0.0,0.0,0.0
HG03082,0.0,0.0,0.0
HG03084,0.0,0.0,0.0
HG03085,0.0,0.0,0.0
HG03086,0.0,0.0,0.0
HG03088,0.0,0.0,0.0
HG03091,0.0,0.0,0.0
HG03095,0.0,0.0,0.0
HG03096,0.0,0.0,0.0
HG03097,0.0,0.0,0.0
HG03099,0.0,0.0,0.0
HG03100,0.0,0.0,0.0
HG03103,0.0,0.0,0.0
HG03105,0.0,0.0,0.0
HG03108,0.0,0.0,0.0
HG03109,0.0,0.0,0.0
HG03111,0.0,0.0,0.0
HG03112,0.0,0.0,0.0
HG03114,0.0,0.0,0.0
HG03115,0.0,0.0,0.0
HG03117,0.0,0.0,0.0
HG03118,0.0,0.0,0.0
HG03120,0.0,0.0,0.0
HG03121,0.0,0.0,0.0
HG03123,0.0,0.0,0.0
HG03124,0.0,0.0,0.0
HG03126,0.0,0.0,0.0
HG03127,0.0,0.0,0.0
HG03129,0.0,0.0,0.0
HG03130,0.0,0.0,0.0
HG03132,0.0,0.0,0.0
HG03133,0.0,0.0,0.0
HG03135,0.0,0.0,0.0
HG03136,0.0,0.0,0.0
HG03139,0.0,0.0,0.0
HG03157,0.0,0.0,0.0
HG03159,0.0,0.0,0.0
HG03160,0.0,0.0,0.0
HG03162,0.0,0.0,0.0
HG03163,0.0,0.0,0.0
HG03166,0.0,0.0,0.0
HG03168,0.0,0.0,0.0
HG03169,0.0,0.0,0.0
HG03172,0.0,0.0,0.0
HG03175,0.0,0.0,0.0
HG03189,0.0,0.0,0.0
HG03190,0.0,0.0,0.0
HG03193,0.0,0.0,0.0
HG03195,0.0,0.0,0.0
HG03196,0.0,0.0,0.0
HG03198,0.0,0.0,0.0
HG03199,0.0,0.0,0.0
HG03202,0.0,0.0,0.0
HG03209,0.0,0.0,0.0
HG03212,0.0,0.0,0.0
HG03224,0.0,0.0,0.0
HG03225,0.0,0.0,0.0
HG03228,0.0,0.0,0.0
HG03229,0.0,0.0,0.0
HG03234,0.0,0.0,0.0
HG03235,0.0,0.0,0.0
HG03237,0.0,0.0,0.0
HG03238,0.0,0.0,0.0
HG03240,0.0,0.0,0.0
HG03241,0.0,0.0,0.0
HG03246,0.0,0.0,0.0
HG03247,0.0,0.0,0.0
HG03258,0.0,0.0,0.0
HG03259,0.0,0.0,0.0
HG03265,0.0,0.0,0.0
HG03267,0.0,0.0,0.0
HG03268,0.0,0.0,0.0
HG03270,0.0,0.0,0.0
HG03271,0.0,0.0,0.0
HG03279,0.0,0.0,0.0
HG03280,0.0,0.0,0.0
HG03291,0.0,0.0,0.0
HG03294,0.0,0.0,0.0
HG03295,0.0,0.0,0.0
HG03297,0.0,0.0,0.0
HG03298,0.0,0.0,0.0
HG03300,0.0,0.0,0.0
HG03301,0.0,0.0,0.0
HG03303,0.0,0.0,0.0
HG03304,0.0,0.0,0.0
HG03311,0.0,0.0,0.0
HG03313,0.0,0.0,0.0
HG03342,0.0,0.0,0.0
HG03343,0.0,0.0,0.0
HG03351,0.0,0.0,0.0
HG03352,0.0,0.0,0.0
HG03354,0.0,0.0,0.0
HG03363,0.0,0.0,0.0
HG03366,0.0,0.0,0.0
HG03367,0.0,0.0,0.0
HG03369,0.0,0.0,0.0
HG03370,0.0,0.0,0.0
HG03372,0.0,0.0,0.0
HG03376,0.0,0.0,0.0
HG03378,0.0,0.0,0.0
HG03380,0.0,0.0,0.0
HG03382,0.0,0.0,0.0
HG03385,0.0,0.0,0.0
HG03388,0.0,0.0,0.0
HG03391,0.0,0.0,0.0
HG03394,0.0,0.0,0.0
HG03397,0.0,0.0,0.0
HG03401,0.0,0.0,0.0
HG03410,0.0,0.0,0.0
HG03419,0.0,0.0,0.0
HG03428,0.0,0.0,0.0
HG03432,0.0,0.0,0.0
HG03433,0.0,0.0,0.0
HG03436,0.0,0.0,0.0
HG03437,0.0,0.0,0.0
HG03439,0.0,0.0,0.0
HG03442,0.0,0.0,0.0
HG03445,0.0,0.0,0.0
HG03446,0.0,0.0,0.0
HG03449,0.0,0.0,0.0
HG03451,0.0,0.0,0.0
HG03452,0.0,0.0,0.0
HG03455,0.0,0.0,0.0
HG03457,0.0,0.0,0.0
HG03458,0.0,0.0,0.0
HG03460,0.0,0.0,0.0
HG03461,0.0,0.0,0.0
HG03464,0.0,0.0,0.0
HG03469,0.0,0.0,0.0
HG03470,0.0,0.0,0.0
HG03472,0.0,0.0,0.0
HG03473,0.0,0.0,0.0
HG03476,0.0,0.0,0.0
HG03478,0.0,0.0,0.0
HG03479,0.0,0.0,0.0
HG03484,0.0,0.0,0.0
HG03485,0.0,0.0,0.0
HG03488,0.0,0.0,0.0
HG03490,0.0,0.0,0.0
HG03491,0.0,0.0,0.0
HG03499,0.0,0.0,0.0
HG03511,0.0,0.0,0.0
HG03514,0.0,0.0,0.0
HG03515,0.0,0.0,0.0
HG03517,0.0,0.0,0.0
HG03518,0.0,0.0,0.0
HG03520,0.0,0.0,0.0
HG03521,0.0,0.0,0.0
HG03538,0.0,0.0,0.0
HG03539,0.0,0.0,0.0
HG03547,0.0,0.0,0.0
HG03548,0.0,0.0,0.0
HG03556,0.0,0.0,0.0
HG03557,0.0,0.0,0.0
HG03558,0.0,0.0,0.0
HG03559,0.0,0.0,0.0
HG03563,0.0,0.0,0.0
HG03565,0.0,0.0,0.0
HG03567,0.0,0.0,0.0
HG03571,0.0,0.0,0.0
HG03572,0.0,0.0,0.0
HG03575,0.0,0.0,0.0
HG03577,0.0,0.0,0.0
HG03578,0.0,0.0,0.0
HG03583,0.0,0.0,0.0
HG03585,0.0,0.0,0.0
HG03589,0.0,0.0,0.0
HG03593,0.0,0.0,0.0
HG03594,0.0,0.0,0.0
HG03595,0.0,0.0,0.0
HG03598,0.0,0.0,0.0
HG03600,0.0,0.0,0.0
HG03603,0.0,0.0,0.0
HG03604,0.0,0.0,0.0
HG03607,0.0,0.0,0.0
HG03611,0.0,0.0,0.0
HG03615,0.0,0.0,0.0
HG03616,0.0,0.0,0.0
HG03619,0.0,0.0,0.0
HG03624,0.0,0.0,0.0
HG03625,0.0,0.0,0.0
HG03629,0.0,0.0,0.0
HG03631,0.0,0.0,0.0
HG03634,0.0,0.0,0.0
HG03636,0.0,0.0,0.0
HG03640,0.0,0.0,0.0
HG03642,0.0,0.0,0.0
HG03643,0.0,0.0,0.0
HG03644,0.0,0.0,0.0
HG03645,0.0,0.0,0.0
HG03646,0.0,0.0,0.0
HG03649,0.0,0.0,0.0
HG03652,0.0,0.0,0.0
HG03653,0.0,0.0,0.0
HG03660,0.0,0.0,0.0
HG03663,0.0,0.0,0.0
HG03667,0.0,0.0,0.0
HG03668,0.0,0.0,0.0
HG03672,0.0,0.0,0.0
HG03673,0.0,0.0,0.0
HG03679,0.0,0.0,0.0
HG03680,0.0,0.0,0.0
HG03681,0.0,0.0,0.0
HG03684,0.0,0.0,0.0
HG03685,0.0,0.0,0.0
HG03686,0.0,0.0,0.0
HG03687,0.0,0.0,0.0
HG03689,0.0,0.0,0.0
HG03690,0.0,0.0,0.0
HG03691,0.0,0.0,0.0
HG03692,0.0,0.0,0.0
HG03693,0.0,0.0,0.0
HG03694,0.0,0.0,0.0
HG03695,0.0,0.0,0.0
HG03696,0.0,0.0,0.0
HG03697,0.0,0.0,0.0
HG03698,0.0,0.0,0.0
HG03702,0.0,0.0,0.0
HG03703,0.0,0.0,0.0
HG03705,0.0,0.0,0.0
HG03706,0.0,0.0,0.0
HG03708,0.0,0.0,0.0
HG03709,0.0,0.0,0.0
HG03711,0.0,0.0,0.0
HG03713,0.0,0.0,0.0
HG03714,0.0,0.0,0.0
HG03716,0.0,0.0,0.0
HG03717,0.0,0.0,0.0
HG03718,0.0,0.0,0.0
HG03720,0.0,0.0,0.0
HG03722,0.0,0.0,0.0
HG03727,0.0,0.0,0.0
HG03729,0.0,0.0,0.0
HG03730,0.0,0.0,0.0
HG03731,0.0,0.0,0.0
HG03733,0.0,0.0,0.0
HG03736,0.0,0.0,0.0
HG03738,0.0,0.0,0.0
HG03740,0.0,0.0,0.0
HG03741,0.0,0.0,0.0
HG03742,0.0,0.0,0.0
HG03743,0.0,0.0,0.0
HG03744,0.0,0.0,0.0
HG03745,0.0,0.0,0.0
HG03746,0.0,0.0,0.0
HG03750,0.0,0.0,0.0
HG03752,0.0,0.0,0.0
HG03753,0.0,0.0,0.0
HG03754,0.0,0.0,0.0
HG03755,0.0,0.0,0.0
HG03756,0.0,0.0,0.0
HG03757,0.0,0.0,0.0
HG03760,0.0,0.0,0.0
HG03762,0.0,0.0,0.0
HG03765,0.0,0.0,0.0
HG03767,0.0,0.0,0.0
HG03770,0.0,0.0,0.0
HG03771,0.0,0.0,0.0
HG03772,0.0,0.0,0.0
HG03773,0.0,0.0,0.0
HG03774,0.0,0.0,0.0
HG03775,0.0,0.0,0.0
HG03777,0.0,0.0,0.0
HG03778,0.0,0.0,0.0
HG03779,0.0,0.0,0.0
HG03780,0.0,0.0,0.0
HG03781,0.0,0.0,0.0
HG03782,0.0,0.0,0.0
HG03784,0.0,0.0,0.0
HG03785,0.0,0.0,0.0
HG03786,0.0,0.0,0.0
HG03787,0.0,0.0,0.0
HG03788,0.0,0.0,0.0
HG03789,0.0,0.0,0.0
HG03790,0.0,0.0,0.0
HG03792,0.0,0.0,0.0
HG03793,0.0,0.0,0.0
HG03796,0.0,0.0,0.0
HG03800,0.0,0.0,0.0
HG03802,0.0,0.0,0.0
HG03803,0.0,0.0,0.0
HG03805,0.0,0.0,0.0
HG03808,0.0,0.0,0.0
HG03809,0.0,0.0,0.0
HG03812,0.0,0.0,0.0
HG03814,0.0,0.0,0.0
HG03815,0.0,0.0,0.0
HG03817,0.0,0.0,0.0
HG03821,0.0,0.0,0.0
HG03823,0.0,0.0,0.0
HG03824,0.0,0.0,0.0
HG03826,0.0,0.0,0.0
HG03829,0.0,0.0,0.0
HG03830,0.0,0.0,0.0
HG03832,0.0,0.0,0.0
HG03833,0.0,0.0,0.0
HG03836,0.0,0.0,0.0
HG03837,0.0,0.0,0.0
HG03838,0.0,0.0,0.0
HG03844,0.0,0.0,0.0
HG03846,0.0,0.0,0.0
HG03848,0.0,0.0,0.0
HG03849,0.0,0.0,0.0
HG03850,0.0,0.0,0.0
HG03851,0.0,0.0,0.0
HG03854,0.0,0.0,0.0
HG03856,0.0,0.0,0.0
HG03857,0.0,0.0,0.0
HG03858,0.0,0.0,0.0
HG03861,0.0,0.0,0.0
HG03862,0.0,0.0,0.0
HG03863,0.0,0.0,0.0
HG03864,0.0,0.0,0.0
HG03866,0.0,0.0,0.0
HG03867,0.0,0.0,0.0
HG03868,0.0,0.0,0.0
HG03869,0.0,0.0,0.0
HG03870,0.0,0.0,0.0
HG03871,0.0,0.0,0.0
HG03872,0.0,0.0,0.0
HG03873,0.0,0.0,0.0
HG03874,0.0,0.0,0.0
HG03875,0.0,0.0,0.0
HG03882,0.0,0.0,0.0
HG03884,0.0,0.0,0.0
HG03885,0.0,0.0,0.0
HG03886,0.0,0.0,0.0
HG03887,0.0,0.0,0.0
HG03888,0.0,0.0,0.0
HG03890,0.0,0.0,0.0
HG03894,0.0,0.0,0.0
HG03895,0.0,0.0,0.0
HG03896,0.0,0.0,0.0
HG03897,0.0,0.0,0.0
HG03898,0.0,0.0,0.0
HG03899,0.0,0.0,0.0
HG03900,0.0,0.0,0.0
HG03902,0.0,0.0,0.0
HG03905,0.0,0.0,0.0
HG03907,0.0,0.0,0.0
HG03908,0.0,0.0,0.0
HG03910,0.0,0.0,0.0
HG03911,0.0,0.0,0.0
HG03913,0.0,0.0,0.0
HG03914,0.0,0.0,0.0
HG03916,0.0,0.0,0.0
HG03917,0.0,0.0,0.0
HG03919,0.0,0.0,0.0
HG03920,0.0,0.0,0.0
HG03922,0.0,0.0,0.0
HG03925,0.0,0.0,0.0
HG03926,0.0,0.0,0.0
HG03928,0.0,0.0,0.0
HG03931,0.0,0.0,0.0
HG03934,0.0,0.0,0.0
HG03937,0.0,0.0,0.0
HG03940,0.0,0.0,0.0
HG03941,0.0,0.0,0.0
HG03943,0.0,0.0,0.0
HG03944,0.0,0.0,0.0
HG03945,0.0,0.0,0.0
HG03947,0.0,0.0,0.0
HG03949,0.0,0.0,0.0
HG03950,0.0,0.0,0.0
HG03951,0.0,0.0,0.0
HG03953,0.0,0.0,0.0
HG03955,0.0,0.0,0.0
HG03960,0.0,0.0,0.0
HG03963,0.0,0.0,0.0
HG03965,0.0,0.0,0.0
HG03967,0.0,0.0,0.0
HG03968,0.0,0.0,0.0
HG03969,0.0,0.0,0.0
HG03971,0.0,0.0,0.0
HG03973,0.0,0.0,0.0
HG03974,0.0,0.0,0.0
HG03976,0.0,0.0,0.0
HG03977,0.0,0.0,0.0
HG03978,0.0,0.0,0.0
HG03985,0.0,0.0,0.0
HG03986,0.0,0.0,0.0
HG03989,0.0,0.0,0.0
HG03990,0.0,0.0,0.0
HG03991,0.0,0.0,0.0
HG03995,0.0,0.0,0.0
HG03998,0.0,0.0,0.0
HG03999,0.0,0.0,0.0
HG04001,0.0,0.0,0.0
HG04002,0.0,0.0,0.0
HG04003,0.0,0.0,0.0
HG04006,0.0,0.0,0.0
HG04014,0.0,0.0,0.0
HG04015,0.0,0.0,0.0
HG04017,0.0,0.0,0.0
HG04018,0.0,0.0,0.0
HG04019,0.0,0.0,0.0
HG04020,0.0,0.0,0.0
HG04022,0.0,0.0,0.0
HG04023,0.0,0.0,0.0
HG04025,0.0,0.0,0.0
HG04026,0.0,0.0,0.0
HG04029,0.0,0.0,0.0
HG04033,0.0,0.0,0.0
HG04035,0.0,0.0,0.0
HG04038,0.0,0.0,0.0
HG04039,0.0,0.0,0.0
HG04042,0.0,0.0,0.0
HG04047,0.0,0.0,0.0
HG04054,0.0,0.0,0.0
HG04056,0.0,0.0,0.0
HG04059,0.0,0.0,0.0
HG04060,0.0,0.0,0.0
HG04061,0.0,0.0,0.0
HG04062,0.0,0.0,0.0
HG04063,0.0,0.0,0.0
HG04070,0.0,0.0,0.0
HG04075,0.0,0.0,0.0
HG04076,0.0,0.0,0.0
HG04080,0.0,0.0,0.0
HG04090,0.0,0.0,0.0
HG04093,0.0,0.0,0.0
HG04094,0.0,0.0,0.0
HG04096,0.0,0.0,0.0
HG04098,0.0,0.0,0.0
HG04099,0.0,0.0,0.0
HG04100,0.0,0.0,0.0
HG04106,0.0,0.0,0.0
HG04107,0.0,0.0,0.0
HG04118,0.0,0.0,0.0
HG04131,0.0,0.0,0.0
HG04134,0.0,0.0,0.0
HG04140,0.0,0.0,0.0
HG04141,0.0,0.0,0.0
HG04144,0.0,0.0,0.0
HG04146,0.0,0.0,0.0
HG04152,0.0,0.0,0.0
HG04153,0.0,0.0,0.0
HG04155,0.0,0.0,0.0
HG04156,0.0,0.0,0.0
HG04158,0.0,0.0,0.0
HG04159,0.0,0.0,0.0
HG04161,0.0,0.0,0.0
HG04162,0.0,0.0,0.0
HG04164,0.0,0.0,0.0
HG04171,0.0,0.0,0.0
HG04173,0.0,0.0,0.0
HG04176,0.0,0.0,0.0
HG04177,0.0,0.0,0.0
HG04180,0.0,0.0,0.0
HG04182,0.0,0.0,0.0
HG04183,0.0,0.0,0.0
HG04185,0.0,0.0,0.0
HG04186,0.0,0.0,0.0
HG04188,0.0,0.0,0.0
HG04189,0.0,0.0,0.0
HG04194,0.0,0.0,0.0
HG04195,0.0,0.0,0.0
HG04198,0.0,0.0,0.0
HG04200,0.0,0.0,0.0
HG04202,0.0,0.0,0.0
HG04206,0.0,0.0,0.0
HG04209,0.0,0.0,0.0
HG04210,0.0,0.0,0.0
HG04211,0.0,0.0,0.0
HG04212,0.0,0.0,0.0
HG04214,0.0,0.0,0.0
HG04216,0.0,0.0,0.0
HG04219,0.0,0.0,0.0
HG04222,0.0,0.0,0.0
HG04225,0.0,0.0,0.0
HG04227,0.0,0.0,0.0
HG04229,0.0,0.0,0.0
HG04235,0.0,0.0,0.0
HG04238,0.0,0.0,0.0
HG04239,0.0,0.0,0.0
NA06984,0.0,0.0,0.0
NA06985,0.0,0.0,0.0
NA06986,0.0,0.0,0.0
NA06989,0.0,0.0,0.0
NA06994,0.0,0.0,0.0
NA07000,0.0,0.0,0.0
NA07037,0.0,0.0,0.0
NA07048,0.0,0.0,0.0
NA07051,0.0,0.0,0.0
NA07056,0.0,0.0,0.0
NA07347,0.0,0.0,0.0
NA07357,0.0,0.0,0.0
NA10847,0.0,0.0,0.0
NA10851,0.0,0.0,0.0
NA11829,0.0,0.0,0.0
NA11830,0.0,0.0,0.0
NA11831,0.0,0.0,0.0
NA11832,0.0,0.0,0.0
NA11840,0.0,0.0,0.0
NA11843,0.0,0.0,0.0
NA11881,0.0,0.0,0.0
NA11892,0.0,0.0,0.0
NA11893,0.0,0.0,0.0
NA11894,0.0,0.0,0.0
NA11918,0.0,0.0,0.0
NA11919,0.0,0.0,0.0
NA11920,0.0,0.0,0.0
NA11930,0.0,0.0,0.0
NA11931,0.0,0.0,0.0
NA11932,0.0,0.0,0.0
NA11933,0.0,0.0,0.0
NA11992,0.0,0.0,0.0
NA11994,0.0,0.0,0.0
NA11995,0.0,0.0,0.0
NA12003,0.0,0.0,0.0
NA12004,0.0,0.0,0.0
NA12005,0.0,0.0,0.0
NA12006,0.0,0.0,0.0
NA12043,0.0,0.0,0.0
NA12044,0.0,0.0,0.0
NA12045,0.0,0.0,0.0
NA12046,0.0,0.0,0.0
NA12058,0.0,0.0,0.0
NA12144,0.0,0.0,0.0
NA12154,0.0,0.0,0.0
NA12155,0.0,0.0,0.0
NA12156,0.0,0.0,0.0
NA12234,0.0,0.0,0.0
NA12249,0.0,0.0,0.0
NA12272,0.0,0.0,0.0
NA12273,0.0,0.0,0.0
NA12275,0.0,0.0,0.0
NA12282,0.0,0.0,0.0
NA12283,0.0,0.0,0.0
NA12286,0.0,0.0,0.0
NA12287,0.0,0.0,0.0
NA12340,0.0,0.0,0.0
NA12341,0.0,0.0,0.0
NA12342,0.0,0.0,0.0
NA12347,0.0,0.0,0.0
NA12348,0.0,0.0,0.0
NA12383,0.0,0.0,0.0
NA12399,0.0,0.0,0.0
NA12400,0.0,0.0,0.0
NA12413,0.0,0.0,0.0
NA12414,0.0,0.0,0.0
NA12489,0.0,0.0,0.0
NA12546,0.0,0.0,0.0
NA12716,0.0,0.0,0.0
NA12717,0.0,0.0,0.0
NA12718,0.0,0.0,0.0
NA12748,0.0,0.0,0.0
NA12749,0.0,0.0,0.0
NA12750,0.0,0.0,0.0
NA12751,0.0,0.0,0.0
NA12760,0.0,0.0,0.0
NA12761,0.0,0.0,0.0
NA12762,0.0,0.0,0.0
NA12763,0.0,0.0,0.0
NA12775,0.0,0.0,0.0
NA12776,0.0,0.0,0.0
NA12777,0.0,0.0,0.0
NA12778,0.0,0.0,0.0
NA12812,0.0,0.0,0.0
NA12813,0.0,0.0,0.0
NA12814,0.0,0.0,0.0
NA12815,0.0,0.0,0.0
NA12827,0.0,0.0,0.0
NA12828,0.0,0.0,0.0
NA12829,0.0,0.0,0.0
NA12830,0.0,0.0,0.0
NA12842,0.0,0.0,0.0
NA12843,0.0,0.0,0.0
NA12872,0.0,0.0,0.0
NA12873,0.0,0.0,0.0
NA12874,0.0,0.0,0.0
NA12878,0.0,0.0,0.0
NA12889,0.0,0.0,0.0
NA12890,0.0,0.0,0.0
NA18486,0.0,0.0,0.0
NA18488,0.0,0.0,0.0
NA18489,0.0,0.0,0.0
NA18498,0.0,0.0,0.0
NA18499,0.0,0.0,0.0
NA18501,0.0,0.0,0.0
NA18502,0.0,0.0,0.0
NA18504,0.0,0.0,0.0
NA18505,0.0,0.0,0.0
NA18507,0.0,0.0,0.0
NA18508,0.0,0.0,0.0
NA18510,0.0,0.0,0.0
NA18511,0.0,0.0,0.0
NA18516,0.0,0.0,0.0
NA18517,0.0,0.0,0.0
NA18519,0.0,0.0,0.0
NA18520,0.0,0.0,0.0
NA18522,0.0,0.0,0.0
NA18523,0.0,0.0,0.0
NA18525,0.0,0.0,0.0
NA18526,0.0,0.0,0.0
NA18528,0.0,0.0,0.0
NA18530,0.0,0.0,0.0
NA18531,0.0,0.0,0.0
NA18532,0.0,0.0,0.0
NA18533,0.0,0.0,0.0
NA18534,0.0,0.0,0.0
NA18535,0.0,0.0,0.0
NA18536,0.0,0.0,0.0
NA18537,0.0,0.0,0.0
NA18538,0.0,0.0,0.0
NA18539,0.0,0.0,0.0
NA18541,0.0,0.0,0.0
NA18542,0.0,0.0,0.0
NA18543,0.0,0.0,0.0
NA18544,0.0,0.0,0.0
NA18545,0.0,0.0,0.0
NA18546,0.0,0.0,0.0
NA18547,0.0,0.0,0.0
NA18548,0.0,0.0,0.0
NA18549,0.0,0.0,0.0
NA18550,0.0,0.0,0.0
NA18552,0.0,0.0,0.0
NA18553,0.0,0.0,0.0
NA18555,0.0,0.0,0.0
NA18557,0.0,0.0,0.0
NA18558,0.0,0.0,0.0
NA18559,0.0,0.0,0.0
NA18560,0.0,0.0,0.0
NA18561,0.0,0.0,0.0
NA18562,0.0,0.0,0.0
NA18563,0.0,0.0,0.0
NA18564,0.0,0.0,0.0
NA18565,0.0,0.0,0.0
NA18566,0.0,0.0,0.0
NA18567,0.0,0.0,0.0
NA18570,0.0,0.0,0.0
NA18571,0.0,0.0,0.0
NA18572,0.0,0.0,0.0
NA18573,0.0,0.0,0.0
NA18574,0.0,0.0,0.0
NA18577,0.0,0.0,0.0
NA18579,0.0,0.0,0.0
NA18582,0.0,0.0,0.0
NA18591,0.0,0.0,0.0
NA18592,0.0,0.0,0.0
NA18593,0.0,0.0,0.0
NA18595,0.0,0.0,0.0
NA18596,0.0,0.0,0.0
NA18597,0.0,0.0,0.0
NA18599,0.0,0.0,0.0
NA18602,0.0,0.0,0.0
NA18603,0.0,0.0,0.0
NA18605,0.0,0.0,0.0
NA18606,0.0,0.0,0.0
NA18608,0.0,0.0,0.0
NA18609,0.0,0.0,0.0
NA18610,0.0,0.0,0.0
NA18611,0.0,0.0,0.0
NA18612,0.0,0.0,0.0
NA18613,0.0,0.0,0.0
NA18614,0.0,0.0,0.0
NA18615,0.0,0.0,0.0
NA18616,0.0,0.0,0.0
NA18617,0.0,0.0,0.0
NA18618,0.0,0.0,0.0
NA18619,0.0,0.0,0.0
NA18620,0.0,0.0,0.0
NA18621,0.0,0.0,0.0
NA18622,0.0,0.0,0.0
NA18623,0.0,0.0,0.0
NA18624,0.0,0.0,0.0
NA18625,0.0,0.0,0.0
NA18626,0.0,0.0,0.0
NA18627,0.0,0.0,0.0
NA18628,0.0,0.0,0.0
NA18629,0.0,0.0,0.0
NA18630,0.0,0.0,0.0
NA18631,0.0,0.0,0.0
NA18632,0.0,0.0,0.0
NA18633,0.0,0.0,0.0
NA18634,0.0,0.0,0.0
NA18635,0.0,0.0,0.0
NA18636,0.0,0.0,0.0
NA18637,0.0,0.0,0.0
NA18638,0.0,0.0,0.0
NA18639,0.0,0.0,0.0
NA18640,0.0,0.0,0.0
NA18641,0.0,0.0,0.0
NA18642,0.0,0.0,0.0
NA18643,0.0,0.0,0.0
NA18644,0.0,0.0,0.0
NA18645,0.0,0.0,0.0
NA18646,0.0,0.0,0.0
NA18647,0.0,0.0,0.0
NA18648,0.0,0.0,0.0
NA18740,0.0,0.0,0.0
NA18745,0.0,0.0,0.0
NA18747,0.0,0.0,0.0
NA18748,0.0,0.0,0.0
NA18749,0.0,0.0,0.0
NA18757,0.0,0.0,0.0
NA18853,0.0,0.0,0.0
NA18856,0.0,0.0,0.0
NA18858,0.0,0.0,0.0
NA18861,0.0,0.0,0.0
NA18864,0.0,0.0,0.0
NA18865,0.0,0.0,0.0
NA18867,0.0,0.0,0.0
NA18868,0.0,0.0,0.0
NA18870,0.0,0.0,0.0
NA18871,0.0,0.0,0.0
NA18873,0.0,0.0,0.0
NA18874,0.0,0.0,0.0
NA18876,0.0,0.0,0.0
NA18877,0.0,0.0,0.0
NA18878,0.0,0.0,0.0
NA18879,0.0,0.0,0.0
NA18881,0.0,0.0,0.0
NA18907,0.0,0.0,0.0
NA18908,0.0,0.0,0.0
NA18909,0.0,0.0,0.0
NA18910,0.0,0.0,0.0
NA18912,0.0,0.0,0.0
NA18915,0.0,0.0,0.0
NA18916,0.0,0.0,0.0
NA18917,0.0,0.0,0.0
NA18923,0.0,0.0,0.0
NA18924,0.0,0.0,0.0
NA18933,0.0,0.0,0.0
NA18934,0.0,0.0,0.0
NA18939,0.0,0.0,0.0
NA18940,0.0,0.0,0.0
NA18941,0.0,0.0,0.0
NA18942,0.0,0.0,0.0
NA18943,0.0,0.0,0.0
NA18944,0.0,0.0,0.0
NA18945,0.0,0.0,0.0
NA18946,0.0,0.0,0.0
NA18947,0.0,0.0,0.0
NA18948,0.0,0.0,0.0
NA18949,0.0,0.0,0.0
NA18950,0.0,0.0,0.0
NA18951,0.0,0.0,0.0
NA18952,0.0,0.0,0.0
NA18953,0.0,0.0,0.0
NA18954,0.0,0.0,0.0
NA18956,0.0,0.0,0.0
NA18957,0.0,0.0,0.0
NA18959,0.0,0.0,0.0
NA18960,0.0,0.0,0.0
NA18961,0.0,0.0,0.0
NA18962,0.0,0.0,0.0
NA18963,0.0,0.0,0.0
NA18964,0.0,0.0,0.0
NA18965,0.0,0.0,0.0
NA18966,0.0,0.0,0.0
NA18967,0.0,0.0,0.0
NA18968,0.0,0.0,0.0
NA18969,0.0,0.0,0.0
NA18970,0.0,0.0,0.0
NA18971,0.0,0.0,0.0
NA18972,0.0,0.0,0.0
NA18973,0.0,0.0,0.0
NA18974,0.0,0.0,0.0
NA18975,0.0,0.0,0.0
NA18976,0.0,0.0,0.0
NA18977,0.0,0.0,0.0
NA18978,0.0,0.0,0.0
NA18979,0.0,0.0,0.0
NA18980,0.0,0.0,0.0
NA18981,0.0,0.0,0.0
NA18982,0.0,0.0,0.0
NA18983,0.0,0.0,0.0
NA18984,0.0,0.0,0.0
NA18985,0.0,0.0,0.0
NA18986,0.0,0.0,0.0
NA18987,0.0,0.0,0.0
NA18988,0.0,0.0,0.0
NA18989,0.0,0.0,0.0
NA18990,0.0,0.0,0.0
NA18991,0.0,0.0,0.0
NA18992,0.0,0.0,0.0
NA18993,0.0,0.0,0.0
NA18994,0.0,0.0,0.0
NA18995,0.0,0.0,0.0
NA18997,0.0,0.0,0.0
NA18998,0.0,0.0,0.0
NA18999,0.0,0.0,0.0
NA19000,0.0,0.0,0.0
NA19001,0.0,0.0,0.0
NA19002,0.0,0.0,0.0
NA19003,0.0,0.0,0.0
NA19004,0.0,0.0,0.0
NA19005,0.0,0.0,0.0
NA19006,0.0,0.0,0.0
NA19007,0.0,0.0,0.0
NA19009,0.0,0.0,0.0
NA19010,0.0,0.0,0.0
NA19011,0.0,0.0,0.0
NA19012,0.0,0.0,0.0
NA19017,0.0,0.0,0.0
NA19019,0.0,0.0,0.0
NA19020,0.0,0.0,0.0
NA19023,0.0,0.0,0.0
NA19024,0.0,0.0,0.0
NA19025,0.0,0.0,0.0
NA19026,0.0,0.0,0.0
NA19027,0.0,0.0,0.0
NA19028,0.0,0.0,0.0
NA19030,0.0,0.0,0.0
NA19031,0.0,0.0,0.0
NA19035,0.0,0.0,0.0
NA19036,0.0,0.0,0.0
NA19037,0.0,0.0,0.0
NA19038,0.0,0.0,0.0
NA19041,0.0,0.0,0.0
NA19042,0.0,0.0,0.0
NA19043,0.0,0.0,0.0
NA19054,0.0,0.0,0.0
NA19055,0.0,0.0,0.0
NA19056,0.0,0.0,0.0
NA19057,0.0,0.0,0.0
NA19058,0.0,0.0,0.0
NA19059,0.0,0.0,0.0
NA19060,0.0,0.0,0.0
NA19062,0.0,0.0,0.0
NA19063,0.0,0.0,0.0
NA19064,0.0,0.0,0.0
NA19065,0.0,0.0,0.0
NA19066,0.0,0.0,0.0
NA19067,0.0,0.0,0.0
NA19068,0.0,0.0,0.0
NA19070,0.0,0.0,0.0
NA19072,0.0,0.0,0.0
NA19074,0.0,0.0,0.0
NA19075,0.0,0.0,0.0
NA19076,0.0,0.0,0.0
NA19077,0.0,0.0,0.0
NA19078,0.0,0.0,0.0
NA19079,0.0,0.0,0.0
NA19080,0.0,0.0,0.0
NA19081,0.0,0.0,0.0
NA19082,0.0,0.0,0.0
NA19083,0.0,0.0,0.0
NA19084,0.0,0.0,0.0
NA19085,0.0,0.0,0.0
NA19086,0.0,0.0,0.0
NA19087,0.0,0.0,0.0
NA19088,0.0,0.0,0.0
NA19089,0.0,0.0,0.0
NA19090,0.0,0.0,0.0
NA19091,0.0,0.0,0.0
NA19092,0.0,0.0,0.0
NA19093,0.0,0.0,0.0
NA19095,0.0,0.0,0.0
NA19096,0.0,0.0,0.0
NA19098,0.0,0.0,0.0
NA19099,0.0,0.0,0.0
NA19102,0.0,0.0,0.0
NA19107,0.0,0.0,0.0
NA19108,0.0,0.0,0.0
NA19113,0.0,0.0,0.0
NA19114,0.0,0.0,0.0
NA19116,0.0,0.0,0.0
NA19117,0.0,0.0,0.0
NA19118,0.0,0.0,0.0
NA19119,0.0,0.0,0.0
NA19121,0.0,0.0,0.0
NA19129,0.0,0.0,0.0
NA19130,0.0,0.0,0.0
NA19131,0.0,0.0,0.0
NA19137,0.0,0.0,0.0
NA19138,0.0,0.0,0.0
NA19141,0.0,0.0,0.0
NA19143,0.0,0.0,0.0
NA19144,0.0,0.0,0.0
NA19146,0.0,0.0,0.0
NA19147,0.0,0.0,0.0
NA19149,0.0,0.0,0.0
NA19152,0.0,0.0,0.0
NA19153,0.0,0.0,0.0
NA19159,0.0,0.0,0.0
NA19160,0.0,0.0,0.0
NA19171,0.0,0.0,0.0
NA19172,0.0,0.0,0.0
NA19175,0.0,0.0,0.0
NA19184,0.0,0.0,0.0
NA19185,0.0,0.0,0.0
NA19189,0.0,0.0,0.0
NA19190,0.0,0.0,0.0
NA19197,0.0,0.0,0.0
NA19198,0.0,0.0,0.0
NA19200,0.0,0.0,0.0
NA19201,0.0,0.0,0.0
NA19204,0.0,0.0,0.0
NA19206,0.0,0.0,0.0
NA19207,0.0,0.0,0.0
NA19209,0.0,0.0,0.0
NA19210,0.0,0.0,0.0
NA19213,0.0,0.0,0.0
NA19214,0.0,0.0,0.0
NA19222,0.0,0.0,0.0
NA19223,0.0,0.0,0.0
NA19225,0.0,0.0,0.0
NA19235,0.0,0.0,0.0
NA19236,0.0,0.0,0.0
NA19238,0.0,0.0,0.0
NA19239,0.0,0.0,0.0
NA19247,0.0,0.0,0.0
NA19248,0.0,0.0,0.0
NA19256,0.0,0.0,0.0
NA19257,0.0,0.0,0.0
NA19307,0.0,0.0,0.0
NA19308,0.0,0.0,0.0
NA19309,0.0,0.0,0.0
NA19310,0.0,0.0,0.0
NA19312,0.0,0.0,0.0
NA19314,0.0,0.0,0.0
NA19315,0.0,0.0,0.0
NA19316,0.0,0.0,0.0
NA19317,0.0,0.0,0.0
NA19318,0.0,0.0,0.0
NA19319,0.0,0.0,0.0
NA19320,0.0,0.0,0.0
NA19321,0.0,0.0,0.0
NA19323,0.0,0.0,0.0
NA19324,0.0,0.0,0.0
NA19327,0.0,0.0,0.0
NA19328,0.0,0.0,0.0
NA19331,0.0,0.0,0.0
NA19332,0.0,0.0,0.0
NA19334,0.0,0.0,0.0
NA19338,0.0,0.0,0.0
NA19346,0.0,0.0,0.0
NA19347,0.0,0.0,0.0
NA19350,0.0,0.0,0.0
NA19351,0.0,0.0,0.0
NA19355,0.0,0.0,0.0
NA19360,0.0,0.0,0.0
NA19372,0.0,0.0,0.0
NA19374,0.0,0.0,0.0
NA19375,0.0,0.0,0.0
NA19376,0.0,0.0,0.0
NA19377,0.0,0.0,0.0
NA19378,0.0,0.0,0.0
NA19379,0.0,0.0,0.0
NA19380,0.0,0.0,0.0
NA19383,0.0,0.0,0.0
NA19384,0.0,0.0,0.0
NA19385,0.0,0.0,0.0
NA19390,0.0,0.0,0.0
NA19391,0.0,0.0,0.0
NA19393,0.0,0.0,0.0
NA19394,0.0,0.0,0.0
NA19395,0.0,0.0,0.0
NA19397,0.0,0.0,0.0
NA19399,0.0,0.0,0.0
NA19401,0.0,0.0,0.0
NA19403,0.0,0.0,0.0
NA19404,0.0,0.0,0.0
NA19428,0.0,0.0,0.0
NA19429,0.0,0.0,0.0
NA19430,0.0,0.0,0.0
NA19431,0.0,0.0,0.0
NA19434,0.0,0.0,0.0
NA19435,0.0,0.0,0.0
NA19436,0.0,0.0,0.0
NA19437,0.0,0.0,0.0
NA19438,0.0,0.0,0.0
NA19439,0.0,0.0,0.0
NA19440,0.0,0.0,0.0
NA19443,0.0,0.0,0.0
NA19445,0.0,0.0,0.0
NA19446,0.0,0.0,0.0
NA19448,0.0,0.0,0.0
NA19449,0.0,0.0,0.0
NA19451,0.0,0.0,0.0
NA19452,0.0,0.0,0.0
NA19454,0.0,0.0,0.0
NA19455,0.0,0.0,0.0
NA19456,0.0,0.0,0.0
NA19457,0.0,0.0,0.0
NA19461,0.0,0.0,0.0
NA19462,0.0,0.0,0.0
NA19463,0.0,0.0,0.0
NA19466,0.0,0.0,0.0
NA19467,0.0,0.0,0.0
NA19468,0.0,0.0,0.0
NA19471,0.0,0.0,0.0
NA19472,0.0,0.0,0.0
NA19473,0.0,0.0,0.0
NA19474,0.0,0.0,0.0
NA19475,0.0,0.0,0.0
NA19625,0.674723,0.215313,0.109964
NA19648,0.003267,0.022533,0.974201
NA19649,0.029426,0.188155,0.782418
NA19651,0.048379,0.22738,0.724241
NA19652,0.037065,0.23692,0.726016
NA19654,0.055893,0.515684,0.428423
NA19655,0.044315,0.276404,0.679281
NA19657,0.045701,0.56951,0.384789
NA19658,0.020218,0.307981,0.671802
NA19661,0.045052,0.448774,0.506173
NA19663,0.068379,0.568919,0.362702
NA19664,0.065012,0.486548,0.448439
NA19669,0.017612,0.300893,0.681494
NA19670,0.045601,0.443716,0.510683
NA19676,0.0272,0.262735,0.710065
NA19678,0.065056,0.175145,0.759799
NA19679,0.016725,1e-05,0.983265
NA19681,0.051719,0.553399,0.394882
NA19682,0.020861,0.458439,0.5207
NA19684,1e-05,0.261817,0.738173
NA19700,0.850094,1e-05,0.149896
NA19701,0.862519,0.024005,0.113476
NA19703,0.876319,0.000126,0.123555
NA19704,0.872777,0.00265,0.124573
NA19707,0.743922,0.01062,0.245459
NA19711,0.908378,0.005859,0.085763
NA19712,0.911973,0.009094,0.078933
NA19713,0.752534,1e-05,0.247456
NA19716,0.055004,0.515728,0.429268
NA19717,0.037255,0.562899,0.399846
NA19719,0.049875,0.382925,0.567201
NA19720,0.048609,0.62301,0.328381
NA19722,0.045368,0.437138,0.517494
NA19723,0.089258,0.480137,0.430605
NA19725,0.03511,0.322123,0.642768
NA19726,0.014109,0.593799,0.392092
NA19728,1e-05,0.934301,0.065689
NA19729,0.001436,0.885876,0.112688
NA19731,1e-05,0.976867,0.023123
NA19732,1e-05,0.958635,0.041355
NA19734,0.014684,0.602016,0.3833
NA19735,0.016156,0.831499,0.152345
NA19740,0.02874,0.730846,0.240414
NA19741,1e-05,0.818065,0.181925
NA19746,0.036069,0.664708,0.299223
NA19747,0.028855,0.498957,0.472188
NA19749,0.051789,0.336996,0.611215
NA19750,0.029181,0.25249,0.718328
NA19752,0.023658,0.47886,0.497482
NA19755,0.0531,0.645035,0.301865
NA19756,0.0682,0.454667,0.477134
NA19758,0.013758,0.750757,0.235485
NA19759,0.02091,0.728139,0.250952
NA19761,0.058483,0.512672,0.428844
NA19762,0.06375,0.589535,0.346715
NA19764,0.055525,0.347015,0.59746
NA19770,0.049034,0.369861,0.581105
NA19771,0.045132,0.472081,0.482786
NA19773,0.025566,0.336159,0.638275
NA19774,0.056124,0.446923,0.496953
NA19776,0.091815,0.423273,0.484913
NA19777,0.080899,0.399641,0.51946
NA19779,0.042941,0.269665,0.687395
NA19780,0.033536,0.32911,0.637354
NA19782,0.059546,0.423317,0.517137
NA19783,0.012312,0.715594,0.272094
NA19785,0.046319,0.659313,0.294368
NA19786,0.040697,0.562746,0.396558
NA19788,0.048906,0.61275,0.338344
NA19789,0.06735,0.405088,0.527562
NA19792,0.054422,0.284002,0.661577
NA19794,0.029718,0.271386,0.698896
NA19795,0.052619,0.451494,0.495886
NA19818,0.738015,0.008617,0.253368
NA19819,0.729681,0.001023,0.269296
NA19834,0.768977,1e-05,0.231013
NA19835,0.853383,0.005901,0.140716
NA19900,0.849445,1e-05,0.150545
NA19901,0.931543,0.009149,0.059308
NA19904,0.84377,1e-05,0.15622
NA19908,0.905589,0.001573,0.092838
NA19909,0.896761,0.024006,0.079233
NA19913,0.865553,0.006974,0.127473
NA19914,0.719489,1e-05,0.280501
NA19916,0.913233,0.000211,0.086556
NA19917,0.932306,0.005851,0.061843
NA19920,0.934737,1e-05,0.065253
NA19921,0.590935,0.09352,0.315545
NA19922,0.713199,0.004506,0.282295
NA19923,0.625648,1e-05,0.374342
NA19982,0.901848,1e-05,0.098142
NA19984,0.891008,0.005791,0.1032
NA20126,0.712186,0.002627,0.285187
NA20127,0.937219,0.001164,0.061617
NA20274,0.319301,0.443224,0.237475
NA20276,0.838033,1e-05,0.161957
NA20278,0.484647,1e-05,0.515343
NA20281,0.864607,1e-05,0.135383
NA20282,0.750545,0.005719,0.243736
NA20287,0.846019,0.005508,0.148472
NA20289,0.802971,1e-05,0.197019
NA20291,0.99998,1e-05,1e-05
NA20294,0.881297,1e-05,0.118693
NA20296,0.799587,0.002394,0.198019
NA20298,0.956694,0.006731,0.036576
NA20299,0.439458,0.416843,0.1437
NA20314,0.000596,0.607064,0.39234
NA20317,0.735419,1e-05,0.264571
NA20318,0.739224,0.022298,0.238478
NA20320,0.922578,0.016503,0.060919
NA20321,0.807511,0.00779,0.184699
NA20332,0.811277,0.001706,0.187017
NA20334,0.655185,1e-05,0.344805
NA20339,0.90196,0.036447,0.061593
NA20340,0.867356,0.000138,0.132505
NA20342,0.613252,0.000832,0.385916
NA20346,0.853199,0.012227,0.134574
NA20348,0.864019,1e-05,0.135971
NA20351,0.679374,1e-05,0.320616
NA20355,0.840346,1e-05,0.159644
NA20356,0.890336,5.4e-05,0.109611
NA20357,0.921696,0.005883,0.072421
NA20359,0.792198,0.001005,0.206797
NA20362,0.794008,0.002609,0.203383
NA20412,0.779491,0.032922,0.187587
NA20502,0.0,0.0,0.0
NA20503,0.0,0.0,0.0
NA20504,0.0,0.0,0.0
NA20505,0.0,0.0,0.0
NA20506,0.0,0.0,0.0
NA20507,0.0,0.0,0.0
NA20508,0.0,0.0,0.0
NA20509,0.0,0.0,0.0
NA20510,0.0,0.0,0.0
NA20511,0.0,0.0,0.0
NA20512,0.0,0.0,0.0
NA20513,0.0,0.0,0.0
NA20514,0.0,0.0,0.0
NA20515,0.0,0.0,0.0
NA20516,0.0,0.0,0.0
NA20517,0.0,0.0,0.0
NA20518,0.0,0.0,0.0
NA20519,0.0,0.0,0.0
NA20520,0.0,0.0,0.0
NA20521,0.0,0.0,0.0
NA20522,0.0,0.0,0.0
NA20524,0.0,0.0,0.0
NA20525,0.0,0.0,0.0
NA20527,0.0,0.0,0.0
NA20528,0.0,0.0,0.0
NA20529,0.0,0.0,0.0
NA20530,0.0,0.0,0.0
NA20531,0.0,0.0,0.0
NA20532,0.0,0.0,0.0
NA20533,0.0,0.0,0.0
NA20534,0.0,0.0,0.0
NA20535,0.0,0.0,0.0
NA20536,0.0,0.0,0.0
NA20538,0.0,0.0,0.0
NA20539,0.0,0.0,0.0
NA20540,0.0,0.0,0.0
NA20541,0.0,0.0,0.0
NA20542,0.0,0.0,0.0
NA20543,0.0,0.0,0.0
NA20544,0.0,0.0,0.0
NA20581,0.0,0.0,0.0
NA20582,0.0,0.0,0.0
NA20585,0.0,0.0,0.0
NA20586,0.0,0.0,0.0
NA20587,0.0,0.0,0.0
NA20588,0.0,0.0,0.0
NA20589,0.0,0.0,0.0
NA20752,0.0,0.0,0.0
NA20753,0.0,0.0,0.0
NA20754,0.0,0.0,0.0
NA20755,0.0,0.0,0.0
NA20756,0.0,0.0,0.0
NA20757,0.0,0.0,0.0
NA20758,0.0,0.0,0.0
NA20759,0.0,0.0,0.0
NA20760,0.0,0.0,0.0
NA20761,0.0,0.0,0.0
NA20762,0.0,0.0,0.0
NA20763,0.0,0.0,0.0
NA20764,0.0,0.0,0.0
NA20765,0.0,0.0,0.0
NA20766,0.0,0.0,0.0
NA20767,0.0,0.0,0.0
NA20768,0.0,0.0,0.0
NA20769,0.0,0.0,0.0
NA20770,0.0,0.0,0.0
NA20771,0.0,0.0,0.0
NA20772,0.0,0.0,0.0
NA20773,0.0,0.0,0.0
NA20774,0.0,0.0,0.0
NA20775,0.0,0.0,0.0
NA20778,0.0,0.0,0.0
NA20783,0.0,0.0,0.0
NA20785,0.0,0.0,0.0
NA20786,0.0,0.0,0.0
NA20787,0.0,0.0,0.0
NA20790,0.0,0.0,0.0
NA20792,0.0,0.0,0.0
NA20795,0.0,0.0,0.0
NA20796,0.0,0.0,0.0
NA20797,0.0,0.0,0.0
NA20798,0.0,0.0,0.0
NA20799,0.0,0.0,0.0
NA20800,0.0,0.0,0.0
NA20801,0.0,0.0,0.0
NA20802,0.0,0.0,0.0
NA20803,0.0,0.0,0.0
NA20804,0.0,0.0,0.0
NA20805,0.0,0.0,0.0
NA20806,0.0,0.0,0.0
NA20807,0.0,0.0,0.0
NA20808,0.0,0.0,0.0
NA20809,0.0,0.0,0.0
NA20810,0.0,0.0,0.0
NA20811,0.0,0.0,0.0
NA20812,0.0,0.0,0.0
NA20813,0.0,0.0,0.0
NA20814,0.0,0.0,0.0
NA20815,0.0,0.0,0.0
NA20818,0.0,0.0,0.0
NA20819,0.0,0.0,0.0
NA20821,0.0,0.0,0.0
NA20822,0.0,0.0,0.0
NA20826,0.0,0.0,0.0
NA20827,0.0,0.0,0.0
NA20828,0.0,0.0,0.0
NA20832,0.0,0.0,0.0
NA20845,0.0,0.0,0.0
NA20846,0.0,0.0,0.0
NA20847,0.0,0.0,0.0
NA20849,0.0,0.0,0.0
NA20850,0.0,0.0,0.0
NA20851,0.0,0.0,0.0
NA20852,0.0,0.0,0.0
NA20853,0.0,0.0,0.0
NA20854,0.0,0.0,0.0
NA20856,0.0,0.0,0.0
NA20858,0.0,0.0,0.0
NA20859,0.0,0.0,0.0
NA20861,0.0,0.0,0.0
NA20862,0.0,0.0,0.0
NA20863,0.0,0.0,0.0
NA20864,0.0,0.0,0.0
NA20866,0.0,0.0,0.0
NA20867,0.0,0.0,0.0
NA20868,0.0,0.0,0.0
NA20869,0.0,0.0,0.0
NA20870,0.0,0.0,0.0
NA20872,0.0,0.0,0.0
NA20874,0.0,0.0,0.0
NA20875,0.0,0.0,0.0
NA20876,0.0,0.0,0.0
NA20877,0.0,0.0,0.0
NA20878,0.0,0.0,0.0
NA20881,0.0,0.0,0.0
NA20882,0.0,0.0,0.0
NA20884,0.0,0.0,0.0
NA20885,0.0,0.0,0.0
NA20886,0.0,0.0,0.0
NA20887,0.0,0.0,0.0
NA20888,0.0,0.0,0.0
NA20889,0.0,0.0,0.0
NA20890,0.0,0.0,0.0
NA20891,0.0,0.0,0.0
NA20892,0.0,0.0,0.0
NA20894,0.0,0.0,0.0
NA20895,0.0,0.0,0.0
NA20896,0.0,0.0,0.0
NA20897,0.0,0.0,0.0
NA20899,0.0,0.0,0.0
NA20900,0.0,0.0,0.0
NA20901,0.0,0.0,0.0
NA20902,0.0,0.0,0.0
NA20903,0.0,0.0,0.0
NA20904,0.0,0.0,0.0
NA20905,0.0,0.0,0.0
NA20906,0.0,0.0,0.0
NA20908,0.0,0.0,0.0
NA20910,0.0,0.0,0.0
NA20911,0.0,0.0,0.0
NA21086,0.0,0.0,0.0
NA21087,0.0,0.0,0.0
NA21088,0.0,0.0,0.0
NA21089,0.0,0.0,0.0
NA21090,0.0,0.0,0.0
NA21091,0.0,0.0,0.0
NA21092,0.0,0.0,0.0
NA21093,0.0,0.0,0.0
NA21094,0.0,0.0,0.0
NA21095,0.0,0.0,0.0
NA21097,0.0,0.0,0.0
NA21098,0.0,0.0,0.0
NA21099,0.0,0.0,0.0
NA21100,0.0,0.0,0.0
NA21101,0.0,0.0,0.0
NA21102,0.0,0.0,0.0
NA21103,0.0,0.0,0.0
NA21104,0.0,0.0,0.0
NA21105,0.0,0.0,0.0
NA21106,0.0,0.0,0.0
NA21107,0.0,0.0,0.0
NA21108,0.0,0.0,0.0
NA21109,0.0,0.0,0.0
NA21110,0.0,0.0,0.0
NA21111,0.0,0.0,0.0
NA21112,0.0,0.0,0.0
NA21113,0.0,0.0,0.0
NA21114,0.0,0.0,0.0
NA21115,0.0,0.0,0.0
NA21116,0.0,0.0,0.0
NA21117,0.0,0.0,0.0
NA21118,0.0,0.0,0.0
NA21119,0.0,0.0,0.0
NA21120,0.0,0.0,0.0
NA21122,0.0,0.0,0.0
NA21123,0.0,0.0,0.0
NA21124,0.0,0.0,0.0
NA21125,0.0,0.0,0.0
NA21126,0.0,0.0,0.0
NA21127,0.0,0.0,0.0
NA21128,0.0,0.0,0.0
NA21129,0.0,0.0,0.0
NA21130,0.0,0.0,0.0
NA21133,0.0,0.0,0.0
NA21135,0.0,0.0,0.0
NA21137,0.0,0.0,0.0
NA21141,0.0,0.0,0.0
NA21142,0.0,0.0,0.0
NA21143,0.0,0.0,0.0
NA21144,0.0,0.0,0.0
