,African ancestry (%),Amerindigenous ancestry (%),European ancestry (%)
HGDP00001,0.0,0.0,0.0
HGDP00003,0.0,0.0,0.0
HGDP00005,0.0,0.0,0.0
HGDP00007,0.0,0.0,0.0
HGDP00009,0.0,0.0,0.0
HGDP00011,0.0,0.0,0.0
HGDP00013,0.0,0.0,0.0
HGDP00015,0.0,0.0,0.0
HGDP00017,0.0,0.0,0.0
HGDP00021,0.0,0.0,0.0
HGDP00023,0.0,0.0,0.0
HGDP00025,0.0,0.0,0.0
HGDP00029,0.0,0.0,0.0
HGDP00031,0.0,0.0,0.0
HGDP00033,0.0,0.0,0.0
HGDP00035,0.0,0.0,0.0
HGDP00037,0.0,0.0,0.0
HGDP00039,0.0,0.0,0.0
HGDP00041,0.0,0.0,0.0
HGDP00043,0.0,0.0,0.0
HGDP00045,0.0,0.0,0.0
HGDP00047,0.0,0.0,0.0
HGDP00049,0.0,0.0,0.0
HGDP00052,0.0,0.0,0.0
HGDP00054,0.0,0.0,0.0
HGDP00056,0.0,0.0,0.0
HGDP00057,0.0,0.0,0.0
HGDP00060,0.0,0.0,0.0
HGDP00062,0.0,0.0,0.0
HGDP00064,0.0,0.0,0.0
HGDP00066,0.0,0.0,0.0
HGDP00068,0.0,0.0,0.0
HGDP00070,0.0,0.0,0.0
HGDP00072,0.0,0.0,0.0
HGDP00074,0.0,0.0,0.0
HGDP00076,0.0,0.0,0.0
HGDP00078,0.0,0.0,0.0
HGDP00080,0.0,0.0,0.0
HGDP00082,0.0,0.0,0.0
HGDP00086,0.0,0.0,0.0
HGDP00088,0.0,0.0,0.0
HGDP00092,0.0,0.0,0.0
HGDP00094,0.0,0.0,0.0
HGDP00096,0.0,0.0,0.0
HGDP00098,0.0,0.0,0.0
HGDP00099,0.0,0.0,0.0
HGDP00100,0.0,0.0,0.0
HGDP00102,0.0,0.0,0.0
HGDP00103,0.0,0.0,0.0
HGDP00104,0.0,0.0,0.0
HGDP00105,0.0,0.0,0.0
HGDP00106,0.0,0.0,0.0
HGDP00108,0.0,0.0,0.0
HGDP00109,0.0,0.0,0.0
HGDP00110,0.0,0.0,0.0
HGDP00115,0.0,0.0,0.0
HGDP00118,0.0,0.0,0.0
HGDP00119,0.0,0.0,0.0
HGDP00120,0.0,0.0,0.0
HGDP00121,0.0,0.0,0.0
HGDP00122,0.0,0.0,0.0
HGDP00127,0.0,0.0,0.0
HGDP00129,0.0,0.0,0.0
HGDP00130,0.0,0.0,0.0
HGDP00131,0.0,0.0,0.0
HGDP00133,0.0,0.0,0.0
HGDP00134,0.0,0.0,0.0
HGDP00135,0.0,0.0,0.0
HGDP00136,0.0,0.0,0.0
HGDP00137,0.0,0.0,0.0
HGDP00139,0.0,0.0,0.0
HGDP00140,0.0,0.0,0.0
HGDP00141,0.0,0.0,0.0
HGDP00143,0.0,0.0,0.0
HGDP00144,0.0,0.0,0.0
HGDP00145,0.0,0.0,0.0
HGDP00146,0.0,0.0,0.0
HGDP00148,0.0,0.0,0.0
HGDP00149,0.0,0.0,0.0
HGDP00150,0.0,0.0,0.0
HGDP00151,0.0,0.0,0.0
HGDP00153,0.0,0.0,0.0
HGDP00154,0.0,0.0,0.0
HGDP00155,0.0,0.0,0.0
HGDP00158,0.0,0.0,0.0
HGDP00161,0.0,0.0,0.0
HGDP00163,0.0,0.0,0.0
HGDP00165,0.0,0.0,0.0
HGDP00167,0.0,0.0,0.0
HGDP00169,0.0,0.0,0.0
HGDP00171,0.0,0.0,0.0
HGDP00173,0.0,0.0,0.0
HGDP00175,0.0,0.0,0.0
HGDP00177,0.0,0.0,0.0
HGDP00179,0.0,0.0,0.0
HGDP00181,0.0,0.0,0.0
HGDP00183,0.0,0.0,0.0
HGDP00185,0.0,0.0,0.0
HGDP00187,0.0,0.0,0.0
HGDP00189,0.0,0.0,0.0
HGDP00191,0.0,0.0,0.0
HGDP00192,0.0,0.0,0.0
HGDP00197,0.0,0.0,0.0
HGDP00199,0.0,0.0,0.0
HGDP00201,0.0,0.0,0.0
HGDP00205,0.0,0.0,0.0
HGDP00206,0.0,0.0,0.0
HGDP00210,0.0,0.0,0.0
HGDP00213,0.0,0.0,0.0
HGDP00214,0.0,0.0,0.0
HGDP00218,0.0,0.0,0.0
HGDP00222,0.0,0.0,0.0
HGDP00224,0.0,0.0,0.0
HGDP00226,0.0,0.0,0.0
HGDP00228,0.0,0.0,0.0
HGDP00230,0.0,0.0,0.0
HGDP00234,0.0,0.0,0.0
HGDP00237,0.0,0.0,0.0
HGDP00239,0.0,0.0,0.0
HGDP00241,0.0,0.0,0.0
HGDP00243,0.0,0.0,0.0
HGDP00244,0.0,0.0,0.0
HGDP00247,0.0,0.0,0.0
HGDP00248,0.0,0.0,0.0
HGDP00251,0.0,0.0,0.0
HGDP00254,0.0,0.0,0.0
HGDP00258,0.0,0.0,0.0
HGDP00259,0.0,0.0,0.0
HGDP00262,0.0,0.0,0.0
HGDP00264,0.0,0.0,0.0
HGDP00274,0.0,0.0,0.0
HGDP00277,0.0,0.0,0.0
HGDP00279,0.0,0.0,0.0
HGDP00281,0.0,0.0,0.0
HGDP00285,0.0,0.0,0.0
HGDP00288,0.0,0.0,0.0
HGDP00290,0.0,0.0,0.0
HGDP00298,0.0,0.0,0.0
HGDP00302,0.0,0.0,0.0
HGDP00304,0.0,0.0,0.0
HGDP00307,0.0,0.0,0.0
HGDP00309,0.0,0.0,0.0
HGDP00311,0.0,0.0,0.0
HGDP00313,0.0,0.0,0.0
HGDP00315,0.0,0.0,0.0
HGDP00319,0.0,0.0,0.0
HGDP00321,0.0,0.0,0.0
HGDP00323,0.0,0.0,0.0
HGDP00326,0.0,0.0,0.0
HGDP00330,0.0,0.0,0.0
HGDP00333,0.0,0.0,0.0
HGDP00341,0.0,0.0,0.0
HGDP00346,0.0,0.0,0.0
HGDP00351,0.0,0.0,0.0
HGDP00356,0.0,0.0,0.0
HGDP00359,0.0,0.0,0.0
HGDP00364,0.0,0.0,0.0
HGDP00371,0.0,0.0,0.0
HGDP00372,0.0,0.0,0.0
HGDP00376,0.0,0.0,0.0
HGDP00382,0.0,0.0,0.0
HGDP00388,0.0,0.0,0.0
HGDP00392,0.0,0.0,0.0
HGDP00397,0.0,0.0,0.0
HGDP00402,0.0,0.0,0.0
HGDP00407,0.0,0.0,0.0
HGDP00412,0.0,0.0,0.0
HGDP00417,0.0,0.0,0.0
HGDP00423,0.0,0.0,0.0
HGDP00433,0.0,0.0,0.0
HGDP00438,0.0,0.0,0.0
HGDP00444,0.0,0.0,0.0
HGDP00445,0.0,0.0,0.0
HGDP00450,0.0,0.0,0.0
HGDP00452,0.0,0.0,0.0
HGDP00453,0.0,0.0,0.0
HGDP00454,0.0,0.0,0.0
HGDP00455,0.0,0.0,0.0
HGDP00458,0.0,0.0,0.0
HGDP00459,0.0,0.0,0.0
HGDP00460,0.0,0.0,0.0
HGDP00462,0.0,0.0,0.0
HGDP00463,0.0,0.0,0.0
HGDP00464,0.0,0.0,0.0
HGDP00465,0.0,0.0,0.0
HGDP00466,0.0,0.0,0.0
HGDP00467,0.0,0.0,0.0
HGDP00468,0.0,0.0,0.0
HGDP00469,0.0,0.0,0.0
HGDP00470,0.0,0.0,0.0
HGDP00471,0.0,0.0,0.0
HGDP00472,0.0,0.0,0.0
HGDP00473,0.0,0.0,0.0
HGDP00475,0.0,0.0,0.0
HGDP00478,0.0,0.0,0.0
HGDP00479,0.0,0.0,0.0
HGDP00490,0.0,0.0,0.0
HGDP00491,0.0,0.0,0.0
HGDP00511,0.0,0.0,0.0
HGDP00512,0.0,0.0,0.0
HGDP00513,0.0,0.0,0.0
HGDP00514,0.0,0.0,0.0
HGDP00515,0.0,0.0,0.0
HGDP00516,0.0,0.0,0.0
HGDP00517,0.0,0.0,0.0
HGDP00518,0.0,0.0,0.0
HGDP00519,0.0,0.0,0.0
HGDP00520,0.0,0.0,0.0
HGDP00522,0.0,0.0,0.0
HGDP00523,0.0,0.0,0.0
HGDP00524,0.0,0.0,0.0
HGDP00525,0.0,0.0,0.0
HGDP00527,0.0,0.0,0.0
HGDP00528,0.0,0.0,0.0
HGDP00529,0.0,0.0,0.0
HGDP00531,0.0,0.0,0.0
HGDP00534,0.0,0.0,0.0
HGDP00535,0.0,0.0,0.0
HGDP00536,0.0,0.0,0.0
HGDP00537,0.0,0.0,0.0
HGDP00538,0.0,0.0,0.0
HGDP00539,0.0,0.0,0.0
HGDP00540,0.0,0.0,0.0
HGDP00541,0.0,0.0,0.0
HGDP00542,0.0,0.0,0.0
HGDP00543,0.0,0.0,0.0
HGDP00544,0.0,0.0,0.0
HGDP00545,0.0,0.0,0.0
HGDP00546,0.0,0.0,0.0
HGDP00547,0.0,0.0,0.0
HGDP00549,0.0,0.0,0.0
HGDP00550,0.0,0.0,0.0
HGDP00551,0.0,0.0,0.0
HGDP00553,0.0,0.0,0.0
HGDP00555,0.0,0.0,0.0
HGDP00556,0.0,0.0,0.0
HGDP00557,0.0,0.0,0.0
HGDP00558,0.0,0.0,0.0
HGDP00559,0.0,0.0,0.0
HGDP00560,0.0,0.0,0.0
HGDP00561,0.0,0.0,0.0
HGDP00562,0.0,0.0,0.0
HGDP00563,0.0,0.0,0.0
HGDP00564,0.0,0.0,0.0
HGDP00565,0.0,0.0,0.0
HGDP00566,0.0,0.0,0.0
HGDP00567,0.0,0.0,0.0
HGDP00568,0.0,0.0,0.0
HGDP00571,0.0,0.0,0.0
HGDP00572,0.0,0.0,0.0
HGDP00573,0.0,0.0,0.0
HGDP00574,0.0,0.0,0.0
HGDP00575,0.0,0.0,0.0
HGDP00576,0.0,0.0,0.0
HGDP00577,0.0,0.0,0.0
HGDP00578,0.0,0.0,0.0
HGDP00579,0.0,0.0,0.0
HGDP00580,0.0,0.0,0.0
HGDP00581,0.0,0.0,0.0
HGDP00582,0.0,0.0,0.0
HGDP00583,0.0,0.0,0.0
HGDP00584,0.0,0.0,0.0
HGDP00586,0.0,0.0,0.0
HGDP00587,0.0,0.0,0.0
HGDP00588,0.0,0.0,0.0
HGDP00590,0.0,0.0,0.0
HGDP00591,0.0,0.0,0.0
HGDP00594,0.0,0.0,0.0
HGDP00595,0.0,0.0,0.0
HGDP00598,0.0,0.0,0.0
HGDP00599,0.0,0.0,0.0
HGDP00600,0.0,0.0,0.0
HGDP00601,0.0,0.0,0.0
HGDP00602,0.0,0.0,0.0
HGDP00604,0.0,0.0,0.0
HGDP00606,0.0,0.0,0.0
HGDP00607,0.0,0.0,0.0
HGDP00608,0.0,0.0,0.0
HGDP00609,0.0,0.0,0.0
HGDP00610,0.0,0.0,0.0
HGDP00611,0.0,0.0,0.0
HGDP00612,0.0,0.0,0.0
HGDP00613,0.0,0.0,0.0
HGDP00614,0.0,0.0,0.0
HGDP00615,0.0,0.0,0.0
HGDP00618,0.0,0.0,0.0
HGDP00619,0.0,0.0,0.0
HGDP00620,0.0,0.0,0.0
HGDP00621,0.0,0.0,0.0
HGDP00622,0.0,0.0,0.0
HGDP00623,0.0,0.0,0.0
HGDP00624,0.0,0.0,0.0
HGDP00625,0.0,0.0,0.0
HGDP00626,0.0,0.0,0.0
HGDP00627,0.0,0.0,0.0
HGDP00628,0.0,0.0,0.0
HGDP00629,0.0,0.0,0.0
HGDP00630,0.0,0.0,0.0
HGDP00631,0.0,0.0,0.0
HGDP00632,0.0,0.0,0.0
HGDP00634,0.0,0.0,0.0
HGDP00635,0.0,0.0,0.0
HGDP00636,0.0,0.0,0.0
HGDP00637,0.0,0.0,0.0
HGDP00638,0.0,0.0,0.0
HGDP00639,0.0,0.0,0.0
HGDP00640,0.0,0.0,0.0
HGDP00641,0.0,0.0,0.0
HGDP00642,0.0,0.0,0.0
HGDP00643,0.0,0.0,0.0
HGDP00644,0.0,0.0,0.0
HGDP00645,0.0,0.0,0.0
HGDP00646,0.0,0.0,0.0
HGDP00647,0.0,0.0,0.0
HGDP00648,0.0,0.0,0.0
HGDP00649,0.0,0.0,0.0
HGDP00651,0.0,0.0,0.0
HGDP00653,0.0,0.0,0.0
HGDP00654,0.0,0.0,0.0
HGDP00655,0.0,0.0,0.0
HGDP00661,0.0,0.0,0.0
HGDP00662,0.0,0.0,0.0
HGDP00663,0.0,0.0,0.0
HGDP00664,0.0,0.0,0.0
HGDP00666,0.0,0.0,0.0
HGDP00667,0.0,0.0,0.0
HGDP00668,0.0,0.0,0.0
HGDP00669,0.0,0.0,0.0
HGDP00670,0.0,0.0,0.0
HGDP00671,0.0,0.0,0.0
HGDP00672,0.0,0.0,0.0
HGDP00673,0.0,0.0,0.0
HGDP00674,0.0,0.0,0.0
HGDP00675,0.0,0.0,0.0
HGDP00676,0.0,0.0,0.0
HGDP00677,0.0,0.0,0.0
HGDP00678,0.0,0.0,0.0
HGDP00679,0.0,0.0,0.0
HGDP00680,0.0,0.0,0.0
HGDP00682,0.0,0.0,0.0
HGDP00683,0.0,0.0,0.0
HGDP00684,0.0,0.0,0.0
HGDP00685,0.0,0.0,0.0
HGDP00686,0.0,0.0,0.0
HGDP00687,0.0,0.0,0.0
HGDP00688,0.0,0.0,0.0
HGDP00689,0.0,0.0,0.0
HGDP00690,0.0,0.0,0.0
HGDP00691,0.0,0.0,0.0
HGDP00692,0.0,0.0,0.0
HGDP00693,0.0,0.0,0.0
HGDP00694,0.0,0.0,0.0
HGDP00696,0.0,0.0,0.0
HGDP00697,0.0,0.0,0.0
HGDP00698,0.0,0.0,0.0
HGDP00699,0.0,0.0,0.0
HGDP00700,0.0,0.0,0.0
HGDP00701,0.0,0.0,0.0
HGDP00703,0.863583,0.044997,0.09142
HGDP00704,0.99998,1e-05,1e-05
HGDP00708,0.99998,1e-05,1e-05
HGDP00710,0.99998,1e-05,1e-05
HGDP00711,0.0,0.0,0.0
HGDP00712,0.0,0.0,0.0
HGDP00714,0.0,0.0,0.0
HGDP00715,0.0,0.0,0.0
HGDP00716,0.0,0.0,0.0
HGDP00719,0.0,0.0,0.0
HGDP00720,0.0,0.0,0.0
HGDP00721,0.0,0.0,0.0
HGDP00723,0.0,0.0,0.0
HGDP00724,0.0,0.0,0.0
HGDP00726,0.0,0.0,0.0
HGDP00727,0.0,0.0,0.0
HGDP00729,0.0,0.0,0.0
HGDP00730,0.0,0.0,0.0
HGDP00731,0.0,0.0,0.0
HGDP00732,0.0,0.0,0.0
HGDP00733,0.0,0.0,0.0
HGDP00734,0.0,0.0,0.0
HGDP00735,0.0,0.0,0.0
HGDP00736,0.0,0.0,0.0
HGDP00738,0.0,0.0,0.0
HGDP00739,0.0,0.0,0.0
HGDP00740,0.0,0.0,0.0
HGDP00741,0.0,0.0,0.0
HGDP00744,0.0,0.0,0.0
HGDP00745,0.0,0.0,0.0
HGDP00746,0.0,0.0,0.0
HGDP00747,0.0,0.0,0.0
HGDP00748,0.0,0.0,0.0
HGDP00750,0.0,0.0,0.0
HGDP00751,0.0,0.0,0.0
HGDP00752,0.0,0.0,0.0
HGDP00753,0.0,0.0,0.0
HGDP00754,0.0,0.0,0.0
HGDP00755,0.0,0.0,0.0
HGDP00756,0.0,0.0,0.0
HGDP00757,0.0,0.0,0.0
HGDP00758,0.0,0.0,0.0
HGDP00759,0.0,0.0,0.0
HGDP00760,0.0,0.0,0.0
HGDP00761,0.0,0.0,0.0
HGDP00762,0.0,0.0,0.0
HGDP00763,0.0,0.0,0.0
HGDP00764,0.0,0.0,0.0
HGDP00765,0.0,0.0,0.0
HGDP00766,0.0,0.0,0.0
HGDP00767,0.0,0.0,0.0
HGDP00768,0.0,0.0,0.0
HGDP00769,0.0,0.0,0.0
HGDP00771,0.0,0.0,0.0
HGDP00772,0.0,0.0,0.0
HGDP00774,0.0,0.0,0.0
HGDP00776,0.0,0.0,0.0
HGDP00777,0.0,0.0,0.0
HGDP00779,0.0,0.0,0.0
HGDP00780,0.0,0.0,0.0
HGDP00781,0.0,0.0,0.0
HGDP00782,0.0,0.0,0.0
HGDP00784,0.0,0.0,0.0
HGDP00786,0.0,0.0,0.0
HGDP00787,0.0,0.0,0.0
HGDP00788,0.0,0.0,0.0
HGDP00790,0.0,0.0,0.0
HGDP00791,0.0,0.0,0.0
HGDP00794,0.0,0.0,0.0
HGDP00795,0.0,0.0,0.0
HGDP00797,0.0,0.0,0.0
HGDP00799,0.0,0.0,0.0
HGDP00800,0.0,0.0,0.0
HGDP00802,0.0,0.0,0.0
HGDP00803,0.0,0.0,0.0
HGDP00804,0.0,0.0,0.0
HGDP00805,0.0,0.0,0.0
HGDP00806,0.0,0.0,0.0
HGDP00807,0.0,0.0,0.0
HGDP00808,0.0,0.0,0.0
HGDP00810,0.0,0.0,0.0
HGDP00811,0.0,0.0,0.0
HGDP00812,0.0,0.0,0.0
HGDP00813,0.0,0.0,0.0
HGDP00814,0.0,0.0,0.0
HGDP00815,0.0,0.0,0.0
HGDP00817,0.0,0.0,0.0
HGDP00818,0.0,0.0,0.0
HGDP00819,0.0,0.0,0.0
HGDP00820,0.0,0.0,0.0
HGDP00821,0.0,0.0,0.0
HGDP00822,0.0,0.0,0.0
HGDP00823,0.0,0.0,0.0
HGDP00828,0.0,0.0,0.0
HGDP00832,0.99998,1e-05,1e-05
HGDP00837,0.99998,1e-05,1e-05
HGDP00838,0.99998,1e-05,1e-05
HGDP00843,0.99998,1e-05,1e-05
HGDP00845,0.99998,1e-05,1e-05
HGDP00849,0.99998,1e-05,1e-05
HGDP00854,0.897537,0.004641,0.097823
HGDP00856,0.932307,1e-05,0.067683
HGDP00858,0.928962,1e-05,0.071028
HGDP00859,0.922135,0.014064,0.063801
HGDP00860,0.649051,0.037392,0.313557
HGDP00861,0.79649,0.029275,0.174235
HGDP00862,0.88032,0.009333,0.110347
HGDP00863,0.893711,0.043894,0.062395
HGDP00864,0.939501,1e-05,0.060489
HGDP00865,0.944969,0.01082,0.044211
HGDP00868,0.821897,0.032672,0.145431
HGDP00869,0.796358,0.013098,0.190545
HGDP00870,0.924982,1e-05,0.075008
HGDP00871,0.681467,0.022048,0.296485
HGDP00872,0.927639,0.009995,0.062366
HGDP00873,0.954666,1e-05,0.045324
HGDP00875,0.879556,0.039563,0.080881
HGDP00876,0.685621,0.013433,0.300946
HGDP00877,0.859487,0.007403,0.13311
HGDP00879,0.0,0.0,0.0
HGDP00880,0.0,0.0,0.0
HGDP00881,0.0,0.0,0.0
HGDP00882,0.0,0.0,0.0
HGDP00883,0.0,0.0,0.0
HGDP00884,0.0,0.0,0.0
HGDP00885,0.0,0.0,0.0
HGDP00886,0.0,0.0,0.0
HGDP00888,0.0,0.0,0.0
HGDP00889,0.0,0.0,0.0
HGDP00890,0.0,0.0,0.0
HGDP00891,0.0,0.0,0.0
HGDP00892,0.0,0.0,0.0
HGDP00893,0.0,0.0,0.0
HGDP00894,0.0,0.0,0.0
HGDP00895,0.0,0.0,0.0
HGDP00896,0.0,0.0,0.0
HGDP00897,0.0,0.0,0.0
HGDP00898,0.0,0.0,0.0
HGDP00899,0.0,0.0,0.0
HGDP00900,0.0,0.0,0.0
HGDP00901,0.0,0.0,0.0
HGDP00902,0.0,0.0,0.0
HGDP00904,0.0,0.0,0.0
HGDP00905,0.0,0.0,0.0
HGDP00906,0.0,0.0,0.0
HGDP00907,0.0,0.0,0.0
HGDP00908,0.0,0.0,0.0
HGDP00909,0.0,0.0,0.0
HGDP00910,0.0,0.0,0.0
HGDP00911,0.0,0.0,0.0
HGDP00912,0.0,0.0,0.0
HGDP00913,0.0,0.0,0.0
HGDP00914,0.0,0.0,0.0
HGDP00916,0.0,0.0,0.0
HGDP00917,0.0,0.0,0.0
HGDP00918,0.0,0.0,0.0
HGDP00919,0.0,0.0,0.0
HGDP00920,0.0,0.0,0.0
HGDP00924,0.0,0.0,0.0
HGDP00925,0.0,0.0,0.0
HGDP00926,0.0,0.0,0.0
HGDP00929,0.0,0.0,0.0
HGDP00930,0.0,0.0,0.0
HGDP00931,0.0,0.0,0.0
HGDP00933,0.0,0.0,0.0
HGDP00934,0.0,0.0,0.0
HGDP00935,0.0,0.0,0.0
HGDP00937,0.0,0.0,0.0
HGDP00938,0.0,0.0,0.0
HGDP00939,0.0,0.0,0.0
HGDP00940,0.0,0.0,0.0
HGDP00941,0.0,0.0,0.0
HGDP00942,0.0,0.0,0.0
HGDP00943,0.0,0.0,0.0
HGDP00944,0.0,0.0,0.0
HGDP00945,0.0,0.0,0.0
HGDP00946,0.0,0.0,0.0
HGDP00947,0.0,0.0,0.0
HGDP00948,0.0,0.0,0.0
HGDP00949,0.0,0.0,0.0
HGDP00950,0.0,0.0,0.0
HGDP00952,0.0,0.0,0.0
HGDP00953,0.0,0.0,0.0
HGDP00954,0.0,0.0,0.0
HGDP00955,0.0,0.0,0.0
HGDP00957,0.0,0.0,0.0
HGDP00958,0.0,0.0,0.0
HGDP00959,0.0,0.0,0.0
HGDP00960,0.0,0.0,0.0
HGDP00961,0.0,0.0,0.0
HGDP00962,0.0,0.0,0.0
HGDP00963,0.0,0.0,0.0
HGDP00964,0.0,0.0,0.0
HGDP00965,0.0,0.0,0.0
HGDP00966,0.0,0.0,0.0
HGDP00967,0.0,0.0,0.0
HGDP00968,0.0,0.0,0.0
HGDP00969,0.0,0.0,0.0
HGDP00970,0.99998,1e-05,1e-05
HGDP00971,0.0,0.0,0.0
HGDP00972,0.0,0.0,0.0
HGDP00973,0.0,0.0,0.0
HGDP00974,0.0,0.0,0.0
HGDP00975,0.0,0.0,0.0
HGDP00976,0.0,0.0,0.0
HGDP00977,0.0,0.0,0.0
HGDP00981,0.0,0.0,0.0
HGDP00983,0.0,0.0,0.0
HGDP00984,0.0,0.0,0.0
HGDP00985,0.0,0.0,0.0
HGDP00986,0.0,0.0,0.0
HGDP00992,0.0,0.0,0.0
HGDP00993,0.0,0.0,0.0
HGDP00994,0.0,0.0,0.0
HGDP00995,0.99998,1e-05,1e-05
HGDP00999,0.99998,1e-05,1e-05
HGDP01001,0.99998,1e-05,1e-05
HGDP01006,0.99998,1e-05,1e-05
HGDP01009,0.99998,1e-05,1e-05
HGDP01010,0.99998,1e-05,1e-05
HGDP01013,0.99998,1e-05,1e-05
HGDP01014,0.99998,1e-05,1e-05
HGDP01019,0.99998,1e-05,1e-05
HGDP01021,0.0,0.0,0.0
HGDP01023,0.0,0.0,0.0
HGDP01024,0.0,0.0,0.0
HGDP01027,0.0,0.0,0.0
HGDP01029,0.0,0.0,0.0
HGDP01031,0.0,0.0,0.0
HGDP01033,0.0,0.0,0.0
HGDP01037,0.954054,1e-05,0.045936
HGDP01041,0.99998,1e-05,1e-05
HGDP01043,0.99998,1e-05,1e-05
HGDP01050,0.945841,1e-05,0.054149
HGDP01051,0.952915,1e-05,0.047075
HGDP01053,0.99998,1e-05,1e-05
HGDP01055,0.928935,1e-05,0.071055
HGDP01056,0.99998,1e-05,1e-05
HGDP01057,0.99998,1e-05,1e-05
HGDP01058,0.923902,1e-05,0.076088
HGDP01059,0.962444,1e-05,0.037546
HGDP01060,0.939318,1e-05,0.060672
HGDP01062,0.0,0.0,0.0
HGDP01063,0.0,0.0,0.0
HGDP01064,0.0,0.0,0.0
HGDP01065,0.0,0.0,0.0
HGDP01066,0.0,0.0,0.0
HGDP01067,0.0,0.0,0.0
HGDP01068,0.0,0.0,0.0
HGDP01069,0.0,0.0,0.0
HGDP01070,0.0,0.0,0.0
HGDP01071,0.0,0.0,0.0
HGDP01072,0.0,0.0,0.0
HGDP01073,0.0,0.0,0.0
HGDP01074,0.0,0.0,0.0
HGDP01075,0.0,0.0,0.0
HGDP01077,0.0,0.0,0.0
HGDP01081,0.0,0.0,0.0
HGDP01086,0.0,0.0,0.0
HGDP01087,0.0,0.0,0.0
HGDP01090,0.0,0.0,0.0
HGDP01092,0.0,0.0,0.0
HGDP01094,0.0,0.0,0.0
HGDP01096,0.0,0.0,0.0
HGDP01097,0.0,0.0,0.0
HGDP01099,0.0,0.0,0.0
HGDP01100,0.0,0.0,0.0
HGDP01101,0.0,0.0,0.0
HGDP01102,0.0,0.0,0.0
HGDP01103,0.0,0.0,0.0
HGDP01104,0.0,0.0,0.0
HGDP01149,0.0,0.0,0.0
HGDP01151,0.0,0.0,0.0
HGDP01152,0.0,0.0,0.0
HGDP01155,0.0,0.0,0.0
HGDP01156,0.0,0.0,0.0
HGDP01157,0.0,0.0,0.0
HGDP01161,0.0,0.0,0.0
HGDP01162,0.0,0.0,0.0
HGDP01164,0.0,0.0,0.0
HGDP01166,0.0,0.0,0.0
HGDP01167,0.0,0.0,0.0
HGDP01169,0.0,0.0,0.0
HGDP01171,0.0,0.0,0.0
HGDP01173,0.0,0.0,0.0
HGDP01174,0.0,0.0,0.0
HGDP01177,0.0,0.0,0.0
HGDP01180,0.0,0.0,0.0
HGDP01181,0.0,0.0,0.0
HGDP01182,0.0,0.0,0.0
HGDP01183,0.0,0.0,0.0
HGDP01184,0.0,0.0,0.0
HGDP01185,0.0,0.0,0.0
HGDP01186,0.0,0.0,0.0
HGDP01187,0.0,0.0,0.0
HGDP01189,0.0,0.0,0.0
HGDP01190,0.0,0.0,0.0
HGDP01192,0.0,0.0,0.0
HGDP01193,0.0,0.0,0.0
HGDP01194,0.0,0.0,0.0
HGDP01195,0.0,0.0,0.0
HGDP01196,0.0,0.0,0.0
HGDP01197,0.0,0.0,0.0
HGDP01200,0.0,0.0,0.0
HGDP01201,0.0,0.0,0.0
HGDP01202,0.0,0.0,0.0
HGDP01204,0.0,0.0,0.0
HGDP01205,0.0,0.0,0.0
HGDP01206,0.0,0.0,0.0
HGDP01207,0.0,0.0,0.0
HGDP01208,0.0,0.0,0.0
HGDP01209,0.0,0.0,0.0
HGDP01212,0.0,0.0,0.0
HGDP01213,0.0,0.0,0.0
HGDP01214,0.0,0.0,0.0
HGDP01216,0.0,0.0,0.0
HGDP01217,0.0,0.0,0.0
HGDP01218,0.0,0.0,0.0
HGDP01219,0.0,0.0,0.0
HGDP01220,0.0,0.0,0.0
HGDP01221,0.0,0.0,0.0
HGDP01222,0.0,0.0,0.0
HGDP01224,0.0,0.0,0.0
HGDP01225,0.0,0.0,0.0
HGDP01226,0.0,0.0,0.0
HGDP01227,0.0,0.0,0.0
HGDP01229,0.0,0.0,0.0
HGDP01230,0.0,0.0,0.0
HGDP01231,0.0,0.0,0.0
HGDP01232,0.0,0.0,0.0
HGDP01233,0.0,0.0,0.0
HGDP01234,0.0,0.0,0.0
HGDP01236,0.0,0.0,0.0
HGDP01237,0.0,0.0,0.0
HGDP01238,0.0,0.0,0.0
HGDP01239,0.0,0.0,0.0
HGDP01241,0.0,0.0,0.0
HGDP01243,0.0,0.0,0.0
HGDP01244,0.0,0.0,0.0
HGDP01245,0.0,0.0,0.0
HGDP01247,0.0,0.0,0.0
HGDP01248,0.0,0.0,0.0
HGDP01249,0.0,0.0,0.0
HGDP01251,0.0,0.0,0.0
HGDP01254,0.0,0.0,0.0
HGDP01255,0.0,0.0,0.0
HGDP01256,0.0,0.0,0.0
HGDP01257,0.0,0.0,0.0
HGDP01258,0.0,0.0,0.0
HGDP01259,0.0,0.0,0.0
HGDP01260,0.0,0.0,0.0
HGDP01261,0.0,0.0,0.0
HGDP01262,0.0,0.0,0.0
HGDP01263,0.0,0.0,0.0
HGDP01264,0.0,0.0,0.0
HGDP01265,0.0,0.0,0.0
HGDP01266,0.0,0.0,0.0
HGDP01267,0.0,0.0,0.0
HGDP01268,0.0,0.0,0.0
HGDP01269,0.0,0.0,0.0
HGDP01270,0.0,0.0,0.0
HGDP01271,0.0,0.0,0.0
HGDP01272,0.0,0.0,0.0
HGDP01273,0.0,0.0,0.0
HGDP01275,0.0,0.0,0.0
HGDP01276,0.0,0.0,0.0
HGDP01277,0.0,0.0,0.0
HGDP01279,0.0,0.0,0.0
HGDP01280,0.0,0.0,0.0
HGDP01282,0.0,0.0,0.0
HGDP01283,0.0,0.0,0.0
HGDP01285,0.0,0.0,0.0
HGDP01287,0.0,0.0,0.0
HGDP01288,0.0,0.0,0.0
HGDP01289,0.0,0.0,0.0
HGDP01290,0.0,0.0,0.0
HGDP01291,0.0,0.0,0.0
HGDP01292,0.0,0.0,0.0
HGDP01293,0.0,0.0,0.0
HGDP01294,0.0,0.0,0.0
HGDP01295,0.0,0.0,0.0
HGDP01296,0.0,0.0,0.0
HGDP01298,0.0,0.0,0.0
HGDP01299,0.0,0.0,0.0
HGDP01300,0.0,0.0,0.0
HGDP01301,0.0,0.0,0.0
HGDP01302,0.0,0.0,0.0
HGDP01303,0.0,0.0,0.0
HGDP01304,0.0,0.0,0.0
HGDP01305,0.0,0.0,0.0
HGDP01309,0.0,0.0,0.0
HGDP01310,0.0,0.0,0.0
HGDP01311,0.0,0.0,0.0
HGDP01313,0.0,0.0,0.0
HGDP01316,0.0,0.0,0.0
HGDP01317,0.0,0.0,0.0
HGDP01318,0.0,0.0,0.0
HGDP01319,0.0,0.0,0.0
HGDP01321,0.0,0.0,0.0
HGDP01322,0.0,0.0,0.0
HGDP01326,0.0,0.0,0.0
HGDP01327,0.0,0.0,0.0
HGDP01328,0.0,0.0,0.0
HGDP01329,0.0,0.0,0.0
HGDP01330,0.0,0.0,0.0
HGDP01331,0.0,0.0,0.0
HGDP01332,0.0,0.0,0.0
HGDP01334,0.0,0.0,0.0
HGDP01336,0.0,0.0,0.0
HGDP01337,0.0,0.0,0.0
HGDP01339,0.0,0.0,0.0
HGDP01340,0.0,0.0,0.0
HGDP01341,0.0,0.0,0.0
HGDP01342,0.0,0.0,0.0
HGDP01346,0.0,0.0,0.0
HGDP01347,0.0,0.0,0.0
HGDP01348,0.0,0.0,0.0
HGDP01349,0.0,0.0,0.0
HGDP01351,0.0,0.0,0.0
HGDP01352,0.0,0.0,0.0
HGDP01353,0.0,0.0,0.0
HGDP01354,0.0,0.0,0.0
HGDP01356,0.0,0.0,0.0
HGDP01357,0.0,0.0,0.0
HGDP01358,0.0,0.0,0.0
HGDP01359,0.0,0.0,0.0
HGDP01360,0.0,0.0,0.0
HGDP01361,0.0,0.0,0.0
HGDP01362,0.0,0.0,0.0
HGDP01363,0.0,0.0,0.0
HGDP01366,0.0,0.0,0.0
HGDP01367,0.0,0.0,0.0
HGDP01368,0.0,0.0,0.0
HGDP01369,0.0,0.0,0.0
HGDP01370,0.0,0.0,0.0
HGDP01371,0.0,0.0,0.0
HGDP01372,0.0,0.0,0.0
HGDP01373,0.0,0.0,0.0
HGDP01374,0.0,0.0,0.0
HGDP01375,0.0,0.0,0.0
HGDP01376,0.0,0.0,0.0
HGDP01377,0.0,0.0,0.0
HGDP01378,0.0,0.0,0.0
HGDP01379,0.0,0.0,0.0
HGDP01380,0.0,0.0,0.0
HGDP01381,0.0,0.0,0.0
HGDP01382,0.0,0.0,0.0
HGDP01383,0.0,0.0,0.0
HGDP01384,0.0,0.0,0.0
HGDP01385,0.0,0.0,0.0
HGDP01386,0.0,0.0,0.0
HGDP01387,0.0,0.0,0.0
HGDP01388,0.0,0.0,0.0
HGDP01396,0.0,0.0,0.0
HGDP01397,0.0,0.0,0.0
HGDP01398,0.0,0.0,0.0
HGDP01399,0.0,0.0,0.0
HGDP01400,0.0,0.0,0.0
HGDP01403,0.0,0.0,0.0
HGDP01404,0.0,0.0,0.0
HGDP01405,0.0,0.0,0.0
HGDP01406,0.0,0.0,0.0
HGDP01408,0.0,0.0,0.0
HGDP01411,0.0,0.0,0.0
HGDP01412,0.0,0.0,0.0
HGDP01413,0.0,0.0,0.0
HGDP01415,0.0,0.0,0.0
HGDP01416,0.0,0.0,0.0
HGDP01418,0.0,0.0,0.0
HGDP01419,0.0,0.0,0.0
LP6005441-DNA_A01,0.0,0.0,0.0
LP6005441-DNA_A03,0.0,0.0,0.0
LP6005441-DNA_A04,0.99998,1e-05,1e-05
LP6005441-DNA_A05,0.0,0.0,0.0
LP6005441-DNA_A06,0.0,0.0,0.0
LP6005441-DNA_A08,0.0,0.0,0.0
LP6005441-DNA_A09,0.0,0.0,0.0
LP6005441-DNA_A11,0.0,0.0,0.0
LP6005441-DNA_A12,0.99998,1e-05,1e-05
LP6005441-DNA_B01,0.0,0.0,0.0
LP6005441-DNA_B02,0.0,0.0,0.0
LP6005441-DNA_B03,0.0,0.0,0.0
LP6005441-DNA_B04,0.99998,1e-05,1e-05
LP6005441-DNA_B05,0.0,0.0,0.0
LP6005441-DNA_B06,0.0,0.0,0.0
LP6005441-DNA_B07,0.0,0.0,0.0
LP6005441-DNA_B08,0.0,0.0,0.0
LP6005441-DNA_B09,0.0,0.0,0.0
LP6005441-DNA_B11,0.0,0.0,0.0
LP6005441-DNA_B12,0.99998,1e-05,1e-05
LP6005441-DNA_C01,0.0,0.0,0.0
LP6005441-DNA_C02,0.0,0.0,0.0
LP6005441-DNA_C03,0.0,0.0,0.0
LP6005441-DNA_C05,0.0,0.0,0.0
LP6005441-DNA_C06,0.0,0.0,0.0
LP6005441-DNA_C07,0.0,0.0,0.0
LP6005441-DNA_C08,0.0,0.0,0.0
LP6005441-DNA_C09,0.0,0.0,0.0
LP6005441-DNA_C10,0.0,0.0,0.0
LP6005441-DNA_C11,0.0,0.0,0.0
LP6005441-DNA_D01,0.0,0.0,0.0
LP6005441-DNA_D02,0.0,0.0,0.0
LP6005441-DNA_D03,0.0,0.0,0.0
LP6005441-DNA_D04,0.0,0.0,0.0
LP6005441-DNA_D05,0.0,0.0,0.0
LP6005441-DNA_D06,0.0,0.0,0.0
LP6005441-DNA_D07,0.0,0.0,0.0
LP6005441-DNA_D08,0.0,0.0,0.0
LP6005441-DNA_D09,0.0,0.0,0.0
LP6005441-DNA_D10,0.0,0.0,0.0
LP6005441-DNA_D11,0.0,0.0,0.0
LP6005441-DNA_D12,0.0,0.0,0.0
LP6005441-DNA_E02,0.0,0.0,0.0
LP6005441-DNA_E03,0.0,0.0,0.0
LP6005441-DNA_E05,0.0,0.0,0.0
LP6005441-DNA_E06,0.0,0.0,0.0
LP6005441-DNA_E07,0.0,0.0,0.0
LP6005441-DNA_E08,0.0,0.0,0.0
LP6005441-DNA_E09,0.0,0.0,0.0
LP6005441-DNA_E10,0.99998,1e-05,1e-05
LP6005441-DNA_F01,0.0,0.0,0.0
LP6005441-DNA_F02,0.0,0.0,0.0
LP6005441-DNA_F03,0.0,0.0,0.0
LP6005441-DNA_F04,0.0,0.0,0.0
LP6005441-DNA_F05,0.0,0.0,0.0
LP6005441-DNA_F06,0.0,0.0,0.0
LP6005441-DNA_F07,0.0,0.0,0.0
LP6005441-DNA_F08,0.0,0.0,0.0
LP6005441-DNA_F09,0.0,0.0,0.0
LP6005441-DNA_F10,0.99998,1e-05,1e-05
LP6005441-DNA_F12,0.0,0.0,0.0
LP6005441-DNA_G02,0.0,0.0,0.0
LP6005441-DNA_G03,0.0,0.0,0.0
LP6005441-DNA_G04,0.0,0.0,0.0
LP6005441-DNA_G05,0.0,0.0,0.0
LP6005441-DNA_G06,0.99998,1e-05,1e-05
LP6005441-DNA_G07,0.97469,1e-05,0.0253
LP6005441-DNA_G08,0.0,0.0,0.0
LP6005441-DNA_G09,0.0,0.0,0.0
LP6005441-DNA_G10,0.0,0.0,0.0
LP6005441-DNA_G11,0.0,0.0,0.0
LP6005441-DNA_G12,0.0,0.0,0.0
LP6005441-DNA_H02,0.0,0.0,0.0
LP6005441-DNA_H03,0.0,0.0,0.0
LP6005441-DNA_H05,0.0,0.0,0.0
LP6005441-DNA_H06,0.99998,1e-05,1e-05
LP6005441-DNA_H07,0.98462,1e-05,0.01537
LP6005441-DNA_H08,0.0,0.0,0.0
LP6005441-DNA_H09,0.0,0.0,0.0
LP6005441-DNA_H10,0.0,0.0,0.0
LP6005441-DNA_H11,0.0,0.0,0.0
LP6005441-DNA_H12,0.0,0.0,0.0
LP6005442-DNA_A02,0.0,0.0,0.0
LP6005442-DNA_B01,0.0,0.0,0.0
LP6005442-DNA_B02,0.0,0.0,0.0
LP6005442-DNA_D01,0.0,0.0,0.0
LP6005442-DNA_F01,0.0,0.0,0.0
LP6005442-DNA_G01,0.0,0.0,0.0
LP6005442-DNA_H01,0.0,0.0,0.0
LP6005443-DNA_A01,0.0,0.0,0.0
LP6005443-DNA_A02,0.0,0.0,0.0
LP6005443-DNA_B01,0.0,0.0,0.0
LP6005443-DNA_B02,0.0,0.0,0.0
LP6005443-DNA_C02,0.0,0.0,0.0
LP6005443-DNA_D01,0.0,0.0,0.0
LP6005443-DNA_D02,0.0,0.0,0.0
LP6005443-DNA_D08,0.0,0.0,0.0
LP6005443-DNA_E01,0.0,0.0,0.0
LP6005443-DNA_E02,0.0,0.0,0.0
LP6005443-DNA_E08,0.0,0.0,0.0
LP6005443-DNA_E09,0.0,0.0,0.0
LP6005443-DNA_F01,0.0,0.0,0.0
LP6005443-DNA_F02,0.0,0.0,0.0
LP6005443-DNA_F07,0.0,0.0,0.0
LP6005443-DNA_G01,0.0,0.0,0.0
LP6005443-DNA_G02,0.0,0.0,0.0
LP6005443-DNA_G08,0.0,0.0,0.0
LP6005443-DNA_H01,0.0,0.0,0.0
LP6005592-DNA_B03,0.0,0.0,0.0
LP6005592-DNA_C03,0.0,0.0,0.0
LP6005592-DNA_D03,0.0,0.0,0.0
SS6004467,0.0,0.0,0.0
SS6004468,0.0,0.0,0.0
SS6004469,0.0,0.0,0.0
SS6004470,0.0,0.0,0.0
SS6004471,0.0,0.0,0.0
SS6004473,0.0,0.0,0.0
SS6004474,0.0,0.0,0.0
SS6004475,0.0,0.0,0.0
SS6004476,0.99998,1e-05,1e-05
HG00096,0.0,0.0,0.0
HG00097,0.0,0.0,0.0
HG00099,0.0,0.0,0.0
HG00100,0.0,0.0,0.0
HG00101,0.0,0.0,0.0
HG00102,0.0,0.0,0.0
HG00103,0.0,0.0,0.0
HG00105,0.0,0.0,0.0
HG00106,0.0,0.0,0.0
HG00107,0.0,0.0,0.0
HG00108,0.0,0.0,0.0
HG00109,0.0,0.0,0.0
HG00110,0.0,0.0,0.0
HG00111,0.0,0.0,0.0
HG00112,0.0,0.0,0.0
HG00113,0.0,0.0,0.0
HG00114,0.0,0.0,0.0
HG00115,0.0,0.0,0.0
HG00116,0.0,0.0,0.0
HG00117,0.0,0.0,0.0
HG00118,0.0,0.0,0.0
HG00119,0.0,0.0,0.0
HG00120,0.0,0.0,0.0
HG00121,0.0,0.0,0.0
HG00122,0.0,0.0,0.0
HG00123,0.0,0.0,0.0
HG00125,0.0,0.0,0.0
HG00126,0.0,0.0,0.0
HG00127,0.0,0.0,0.0
HG00128,0.0,0.0,0.0
HG00129,0.0,0.0,0.0
HG00130,0.0,0.0,0.0
HG00131,0.0,0.0,0.0
HG00132,0.0,0.0,0.0
HG00133,0.0,0.0,0.0
HG00136,0.0,0.0,0.0
HG00137,0.0,0.0,0.0
HG00138,0.0,0.0,0.0
HG00139,0.0,0.0,0.0
HG00140,0.0,0.0,0.0
HG00141,0.0,0.0,0.0
HG00142,0.0,0.0,0.0
HG00143,0.0,0.0,0.0
HG00145,0.0,0.0,0.0
HG00146,0.0,0.0,0.0
HG00148,0.0,0.0,0.0
HG00149,0.0,0.0,0.0
HG00150,0.0,0.0,0.0
HG00151,0.0,0.0,0.0
HG00154,0.0,0.0,0.0
HG00155,0.0,0.0,0.0
HG00157,0.0,0.0,0.0
HG00158,0.0,0.0,0.0
HG00159,0.0,0.0,0.0
HG00160,0.0,0.0,0.0
HG00171,0.0,0.0,0.0
HG00173,0.0,0.0,0.0
HG00174,0.0,0.0,0.0
HG00176,0.0,0.0,0.0
HG00177,0.0,0.0,0.0
HG00178,0.0,0.0,0.0
HG00179,0.0,0.0,0.0
HG00180,0.0,0.0,0.0
HG00181,0.0,0.0,0.0
HG00182,0.0,0.0,0.0
HG00183,0.0,0.0,0.0
HG00185,0.0,0.0,0.0
HG00186,0.0,0.0,0.0
HG00187,0.0,0.0,0.0
HG00188,0.0,0.0,0.0
HG00189,0.0,0.0,0.0
HG00190,0.0,0.0,0.0
HG00231,0.0,0.0,0.0
HG00232,0.0,0.0,0.0
HG00233,0.0,0.0,0.0
HG00234,0.0,0.0,0.0
HG00235,0.0,0.0,0.0
HG00236,0.0,0.0,0.0
HG00237,0.0,0.0,0.0
HG00238,0.0,0.0,0.0
HG00239,0.0,0.0,0.0
HG00240,0.0,0.0,0.0
HG00242,0.0,0.0,0.0
HG00243,0.0,0.0,0.0
HG00244,0.0,0.0,0.0
HG00245,0.0,0.0,0.0
HG00246,0.0,0.0,0.0
HG00250,0.0,0.0,0.0
HG00251,0.0,0.0,0.0
HG00252,0.0,0.0,0.0
HG00253,0.0,0.0,0.0
HG00254,0.0,0.0,0.0
HG00255,0.0,0.0,0.0
HG00256,0.0,0.0,0.0
HG00257,0.0,0.0,0.0
HG00258,0.0,0.0,0.0
HG00259,0.0,0.0,0.0
HG00260,0.0,0.0,0.0
HG00261,0.0,0.0,0.0
HG00262,0.0,0.0,0.0
HG00263,0.0,0.0,0.0
HG00264,0.0,0.0,0.0
HG00265,0.0,0.0,0.0
HG00266,0.0,0.0,0.0
HG00267,0.0,0.0,0.0
HG00268,0.0,0.0,0.0
HG00269,0.0,0.0,0.0
HG00271,0.0,0.0,0.0
HG00272,0.0,0.0,0.0
HG00273,0.0,0.0,0.0
HG00274,0.0,0.0,0.0
HG00275,0.0,0.0,0.0
HG00276,0.0,0.0,0.0
HG00277,0.0,0.0,0.0
HG00278,0.0,0.0,0.0
HG00280,0.0,0.0,0.0
HG00281,0.0,0.0,0.0
HG00282,0.0,0.0,0.0
HG00284,0.0,0.0,0.0
HG00285,0.0,0.0,0.0
HG00288,0.0,0.0,0.0
HG00290,0.0,0.0,0.0
HG00304,0.0,0.0,0.0
HG00306,0.0,0.0,0.0
HG00308,0.0,0.0,0.0
HG00309,0.0,0.0,0.0
HG00310,0.0,0.0,0.0
HG00311,0.0,0.0,0.0
HG00313,0.0,0.0,0.0
HG00315,0.0,0.0,0.0
HG00318,0.0,0.0,0.0
HG00319,0.0,0.0,0.0
HG00320,0.0,0.0,0.0
HG00321,0.0,0.0,0.0
HG00323,0.0,0.0,0.0
HG00324,0.0,0.0,0.0
HG00325,0.0,0.0,0.0
HG00326,0.0,0.0,0.0
HG00327,0.0,0.0,0.0
HG00328,0.0,0.0,0.0
HG00329,0.0,0.0,0.0
HG00330,0.0,0.0,0.0
HG00331,0.0,0.0,0.0
HG00332,0.0,0.0,0.0
HG00334,0.0,0.0,0.0
HG00335,0.0,0.0,0.0
HG00336,0.0,0.0,0.0
HG00337,0.0,0.0,0.0
HG00338,0.0,0.0,0.0
HG00339,0.0,0.0,0.0
HG00341,0.0,0.0,0.0
HG00342,0.0,0.0,0.0
HG00343,0.0,0.0,0.0
HG00344,0.0,0.0,0.0
HG00345,0.0,0.0,0.0
HG00346,0.0,0.0,0.0
HG00349,0.0,0.0,0.0
HG00350,0.0,0.0,0.0
HG00351,0.0,0.0,0.0
HG00353,0.0,0.0,0.0
HG00355,0.0,0.0,0.0
HG00356,0.0,0.0,0.0
HG00357,0.0,0.0,0.0
HG00358,0.0,0.0,0.0
HG00360,0.0,0.0,0.0
HG00361,0.0,0.0,0.0
HG00362,0.0,0.0,0.0
HG00364,0.0,0.0,0.0
HG00365,0.0,0.0,0.0
HG00366,0.0,0.0,0.0
HG00367,0.0,0.0,0.0
HG00368,0.0,0.0,0.0
HG00369,0.0,0.0,0.0
HG00371,0.0,0.0,0.0
HG00372,0.0,0.0,0.0
HG00373,0.0,0.0,0.0
HG00375,0.0,0.0,0.0
HG00376,0.0,0.0,0.0
HG00378,0.0,0.0,0.0
HG00379,0.0,0.0,0.0
HG00380,0.0,0.0,0.0
HG00381,0.0,0.0,0.0
HG00382,0.0,0.0,0.0
HG00383,0.0,0.0,0.0
HG00384,0.0,0.0,0.0
HG00403,0.0,0.0,0.0
HG00404,0.0,0.0,0.0
HG00406,0.0,0.0,0.0
HG00407,0.0,0.0,0.0
HG00409,0.0,0.0,0.0
HG00410,0.0,0.0,0.0
HG00419,0.0,0.0,0.0
HG00421,0.0,0.0,0.0
HG00422,0.0,0.0,0.0
HG00428,0.0,0.0,0.0
HG00436,0.0,0.0,0.0
HG00437,0.0,0.0,0.0
HG00442,0.0,0.0,0.0
HG00443,0.0,0.0,0.0
HG00445,0.0,0.0,0.0
HG00446,0.0,0.0,0.0
HG00448,0.0,0.0,0.0
HG00449,0.0,0.0,0.0
HG00451,0.0,0.0,0.0
HG00452,0.0,0.0,0.0
HG00457,0.0,0.0,0.0
HG00458,0.0,0.0,0.0
HG00463,0.0,0.0,0.0
HG00464,0.0,0.0,0.0
HG00472,0.0,0.0,0.0
HG00473,0.0,0.0,0.0
HG00475,0.0,0.0,0.0
HG00476,0.0,0.0,0.0
HG00478,0.0,0.0,0.0
HG00479,0.0,0.0,0.0
HG00500,0.0,0.0,0.0
HG00513,0.0,0.0,0.0
HG00524,0.0,0.0,0.0
HG00525,0.0,0.0,0.0
HG00530,0.0,0.0,0.0
HG00531,0.0,0.0,0.0
HG00533,0.0,0.0,0.0
HG00534,0.0,0.0,0.0
HG00536,0.0,0.0,0.0
HG00537,0.0,0.0,0.0
HG00542,0.0,0.0,0.0
HG00543,0.0,0.0,0.0
HG00551,0.087922,0.071794,0.840284
HG00553,0.134252,0.167233,0.698515
HG00554,0.070885,0.071432,0.857682
HG00556,0.0,0.0,0.0
HG00557,0.0,0.0,0.0
HG00559,0.0,0.0,0.0
HG00560,0.0,0.0,0.0
HG00565,0.0,0.0,0.0
HG00566,0.0,0.0,0.0
HG00580,0.0,0.0,0.0
HG00581,0.0,0.0,0.0
HG00583,0.0,0.0,0.0
HG00584,0.0,0.0,0.0
HG00589,0.0,0.0,0.0
HG00590,0.0,0.0,0.0
HG00592,0.0,0.0,0.0
HG00593,0.0,0.0,0.0
HG00595,0.0,0.0,0.0
HG00596,0.0,0.0,0.0
HG00598,0.0,0.0,0.0
HG00599,0.0,0.0,0.0
HG00607,0.0,0.0,0.0
HG00608,0.0,0.0,0.0
HG00610,0.0,0.0,0.0
HG00611,0.0,0.0,0.0
HG00613,0.0,0.0,0.0
HG00614,0.0,0.0,0.0
HG00619,0.0,0.0,0.0
HG00620,0.0,0.0,0.0
HG00622,0.0,0.0,0.0
HG00623,0.0,0.0,0.0
HG00625,0.0,0.0,0.0
HG00626,0.0,0.0,0.0
HG00628,0.0,0.0,0.0
HG00629,0.0,0.0,0.0
HG00631,0.0,0.0,0.0
HG00632,0.0,0.0,0.0
HG00634,0.0,0.0,0.0
HG00637,0.083241,0.151241,0.765518
HG00638,0.095831,0.16601,0.738159
HG00640,0.053097,0.061197,0.885706
HG00641,0.105857,0.068464,0.825679
HG00650,0.0,0.0,0.0
HG00651,0.0,0.0,0.0
HG00653,0.0,0.0,0.0
HG00654,0.0,0.0,0.0
HG00656,0.0,0.0,0.0
HG00657,0.0,0.0,0.0
HG00662,0.0,0.0,0.0
HG00663,0.0,0.0,0.0
HG00671,0.0,0.0,0.0
HG00672,0.0,0.0,0.0
HG00674,0.0,0.0,0.0
HG00675,0.0,0.0,0.0
HG00683,0.0,0.0,0.0
HG00684,0.0,0.0,0.0
HG00689,0.0,0.0,0.0
HG00690,0.0,0.0,0.0
HG00692,0.0,0.0,0.0
HG00693,0.0,0.0,0.0
HG00698,0.0,0.0,0.0
HG00699,0.0,0.0,0.0
HG00701,0.0,0.0,0.0
HG00704,0.0,0.0,0.0
HG00705,0.0,0.0,0.0
HG00707,0.0,0.0,0.0
HG00708,0.0,0.0,0.0
HG00717,0.0,0.0,0.0
HG00728,0.0,0.0,0.0
HG00729,0.0,0.0,0.0
HG00731,0.025203,0.009921,0.964876
HG00732,0.064582,0.037778,0.89764
HG00734,0.145449,0.09403,0.760521
HG00736,0.059027,0.046621,0.894352
HG00737,0.049146,0.060766,0.890089
HG00739,0.01967,0.042468,0.937861
HG00740,0.097279,0.102803,0.799918
HG00742,0.009893,0.05152,0.938587
HG00743,0.171586,0.083098,0.745316
HG00759,0.0,0.0,0.0
HG00766,0.0,0.0,0.0
HG00844,0.0,0.0,0.0
HG00851,0.0,0.0,0.0
HG00864,0.0,0.0,0.0
HG00867,0.0,0.0,0.0
HG00879,0.0,0.0,0.0
HG00881,0.0,0.0,0.0
HG00956,0.0,0.0,0.0
HG00978,0.0,0.0,0.0
HG00982,0.0,0.0,0.0
HG01028,0.0,0.0,0.0
HG01029,0.0,0.0,0.0
HG01031,0.0,0.0,0.0
HG01046,0.0,0.0,0.0
HG01047,0.051062,0.073278,0.87566
HG01048,0.078471,0.103003,0.818526
HG01049,0.092314,0.225752,0.681934
HG01051,0.144986,0.207281,0.647733
HG01052,0.13943,0.209225,0.651345
HG01054,0.103356,0.051827,0.844817
HG01055,0.054205,0.115422,0.830373
HG01058,0.108571,0.122466,0.768963
HG01060,0.062707,0.072091,0.865202
HG01061,0.082611,0.052086,0.865303
HG01063,0.093171,0.353352,0.553477
HG01064,0.077619,0.162512,0.759869
HG01066,0.071394,0.05817,0.870436
HG01067,0.082085,0.065717,0.852198
HG01069,0.104605,0.074279,0.821116
HG01070,0.095104,0.036866,0.86803
HG01072,0.082464,0.066311,0.851225
HG01073,0.098903,0.059858,0.841239
HG01075,0.002312,0.08203,0.915658
HG01077,0.147014,0.188798,0.664188
HG01079,0.084791,0.156971,0.758239
HG01080,0.156884,0.0784,0.764717
HG01082,0.10132,0.193463,0.705216
HG01083,0.107057,0.087556,0.805388
HG01085,0.07319,0.118857,0.807953
HG01086,0.13463,0.122987,0.742383
HG01088,0.080715,0.176777,0.742508
HG01089,0.100226,0.14437,0.755404
HG01092,0.091825,0.25465,0.653525
HG01094,0.079372,0.123241,0.797387
HG01095,0.078305,0.094031,0.827664
HG01097,0.099926,0.075728,0.824346
HG01098,0.0875,0.081211,0.831289
HG01101,0.115968,0.135064,0.748967
HG01102,0.081443,0.15503,0.763527
HG01104,0.069831,0.080371,0.849798
HG01105,0.036805,0.062334,0.900861
HG01107,0.07313,0.22188,0.70499
HG01108,0.050571,0.651733,0.297696
HG01110,0.098061,0.114868,0.787071
HG01111,0.092291,0.102371,0.805337
HG01112,0.020436,1e-05,0.979554
HG01113,0.220236,1e-05,0.779754
HG01119,0.077644,0.01237,0.909986
HG01121,0.263475,0.043594,0.692932
HG01122,0.179847,0.0605,0.759653
HG01124,0.243895,0.140733,0.615373
HG01125,0.20135,0.088692,0.709958
HG01130,0.19854,0.051247,0.750213
HG01131,0.203851,0.057967,0.738182
HG01133,0.108097,0.012722,0.87918
HG01134,0.17209,0.112938,0.714972
HG01136,0.224807,0.076197,0.698996
HG01137,0.294092,0.015409,0.690499
HG01139,0.253514,0.171988,0.574498
HG01140,0.21669,0.033844,0.749466
HG01142,0.316695,0.185651,0.497654
HG01148,0.198735,0.046963,0.754302
HG01149,0.38939,0.098916,0.511693
HG01161,0.112904,0.176623,0.710472
HG01162,0.113115,0.089221,0.797664
HG01164,0.070096,0.092412,0.837492
HG01167,0.094932,0.221812,0.683257
HG01168,0.014088,0.025961,0.959951
HG01170,0.109245,0.111584,0.77917
HG01171,0.09486,0.184836,0.720304
HG01173,0.01048,0.06337,0.92615
HG01174,0.062665,0.052254,0.885081
HG01176,0.103594,0.076474,0.819932
HG01177,0.132949,0.064316,0.802735
HG01182,0.103276,0.127233,0.769491
HG01183,0.11909,0.113831,0.76708
HG01187,0.200063,0.170131,0.629807
HG01188,0.170133,0.212945,0.616922
HG01190,0.174173,0.152371,0.673456
HG01191,0.139079,0.086871,0.77405
HG01197,0.091679,0.05151,0.856811
HG01198,0.102905,0.17619,0.720906
HG01200,0.039151,0.038555,0.922293
HG01204,0.08019,0.100251,0.819559
HG01205,0.068546,0.100299,0.831154
HG01241,0.060099,0.701863,0.238039
HG01242,0.041756,0.525385,0.432859
HG01247,0.124341,0.189525,0.686134
HG01248,0.064705,0.105256,0.83004
HG01250,0.262913,0.070076,0.66701
HG01251,0.206337,0.013383,0.78028
HG01253,0.171136,0.03144,0.797424
HG01254,0.243457,0.172687,0.583856
HG01256,0.109335,1e-05,0.890655
HG01257,0.237191,0.001017,0.761791
HG01259,0.073768,0.015703,0.910529
HG01260,0.258314,0.122148,0.619538
HG01269,0.20966,0.062397,0.727942
HG01271,0.201306,0.073712,0.724982
HG01272,0.265251,0.179051,0.555698
HG01275,1e-05,1e-05,0.99998
HG01277,0.29967,1e-05,0.70032
HG01280,0.223455,0.008295,0.76825
HG01281,0.202134,0.020213,0.777652
HG01284,0.172034,0.058928,0.769038
HG01286,0.101725,0.235596,0.662679
HG01302,0.132915,0.111186,0.755899
HG01303,0.13952,0.113763,0.746716
HG01305,0.127698,0.144876,0.727426
HG01308,0.107748,0.222701,0.669551
HG01311,0.044707,0.086802,0.868492
HG01312,0.088345,0.124455,0.7872
HG01323,0.10977,0.109771,0.78046
HG01325,0.047432,0.127593,0.824975
HG01326,0.129516,0.092314,0.77817
HG01334,0.0,0.0,0.0
HG01341,0.53503,0.008396,0.456574
HG01342,0.191704,0.360524,0.447772
HG01344,0.355982,0.024005,0.620013
HG01345,0.171629,0.046675,0.781697
HG01348,0.326155,0.036445,0.6374
HG01350,0.332101,0.064713,0.603186
HG01351,0.229904,0.001187,0.768908
HG01353,0.139026,0.013726,0.847248
HG01354,0.101269,1e-05,0.898721
HG01356,0.253408,0.049429,0.697162
HG01357,0.230443,1e-05,0.769547
HG01359,0.197506,0.030515,0.771979
HG01360,0.181183,0.051059,0.767758
HG01362,0.189974,0.117781,0.692244
HG01363,0.266967,0.174657,0.558376
HG01365,0.233724,0.138649,0.627627
HG01366,0.210252,0.095789,0.69396
HG01369,0.460232,0.124959,0.41481
HG01372,0.263231,0.03261,0.704159
HG01374,0.205636,1e-05,0.794354
HG01375,0.258428,0.129998,0.611573
HG01377,0.250603,0.088955,0.660442
HG01378,0.324562,0.034159,0.641278
HG01383,0.191761,0.01797,0.79027
HG01384,0.169679,0.047152,0.783169
HG01389,0.088205,0.04891,0.862885
HG01390,0.257142,0.282682,0.460176
HG01392,0.142473,0.157953,0.699574
HG01393,0.104109,0.207958,0.687933
HG01395,0.081048,0.075425,0.843527
HG01396,0.161339,0.16739,0.671271
HG01398,0.122583,0.166801,0.710616
HG01402,0.134459,0.162431,0.70311
HG01403,0.1281,0.170141,0.701758
HG01405,0.074573,0.093074,0.832353
HG01412,0.166076,0.082252,0.751672
HG01413,0.151566,0.138562,0.709871
HG01414,0.130577,0.138185,0.731238
HG01431,0.227196,0.10144,0.671364
HG01432,0.18389,0.018459,0.797652
HG01435,0.471104,0.042642,0.486254
HG01437,0.060267,1e-05,0.939723
HG01438,1e-05,1e-05,0.99998
HG01440,0.196997,0.170498,0.632505
HG01441,0.355511,0.02215,0.622339
HG01443,0.517269,0.044837,0.437895
HG01444,0.238332,0.096263,0.665406
HG01447,0.202901,0.068053,0.729047
HG01455,0.342019,0.025956,0.632025
HG01456,0.332593,0.041241,0.626166
HG01459,0.357535,0.029525,0.61294
HG01461,0.338831,0.176053,0.485116
HG01462,0.284445,0.291498,0.424057
HG01464,0.272477,0.188146,0.539378
HG01465,0.131782,0.00089,0.867328
HG01468,0.12715,0.006803,0.866047
HG01474,0.10745,0.008452,0.884098
HG01479,0.075403,0.013524,0.911073
HG01485,0.240333,0.368247,0.39142
HG01486,0.306164,0.029932,0.663903
HG01488,0.093609,0.146675,0.759716
HG01489,0.06989,1e-05,0.9301
HG01491,0.097766,1e-05,0.902224
HG01492,0.148854,0.012715,0.838431
HG01494,0.362869,0.098255,0.538877
HG01495,0.339572,0.12224,0.538188
HG01497,0.310315,0.033146,0.656539
HG01498,0.290308,0.036675,0.673017
HG01500,0.0,0.0,0.0
HG01501,0.0,0.0,0.0
HG01503,0.0,0.0,0.0
HG01504,0.0,0.0,0.0
HG01506,0.0,0.0,0.0
HG01507,0.0,0.0,0.0
HG01509,0.0,0.0,0.0
HG01510,0.0,0.0,0.0
HG01512,0.0,0.0,0.0
HG01513,0.0,0.0,0.0
HG01515,0.0,0.0,0.0
HG01516,0.0,0.0,0.0
HG01518,0.0,0.0,0.0
HG01519,0.0,0.0,0.0
HG01521,0.0,0.0,0.0
HG01522,0.0,0.0,0.0
HG01524,0.0,0.0,0.0
HG01525,0.0,0.0,0.0
HG01527,0.0,0.0,0.0
HG01528,0.0,0.0,0.0
HG01530,0.0,0.0,0.0
HG01531,0.0,0.0,0.0
HG01536,0.0,0.0,0.0
HG01537,0.0,0.0,0.0
HG01550,0.169892,0.050081,0.780027
HG01551,0.201006,0.391347,0.407648
HG01556,0.289724,0.227832,0.482444
HG01565,0.658464,0.003342,0.338194
HG01566,0.429516,0.012249,0.558235
HG01571,0.625997,1e-05,0.373993
HG01572,0.932596,1e-05,0.067394
HG01577,0.395965,0.061952,0.542083
HG01578,0.569356,0.010165,0.420479
HG01583,0.0,0.0,0.0
HG01586,0.0,0.0,0.0
HG01589,0.0,0.0,0.0
HG01593,0.0,0.0,0.0
HG01595,0.0,0.0,0.0
HG01596,0.0,0.0,0.0
HG01597,0.0,0.0,0.0
HG01598,0.0,0.0,0.0
HG01599,0.0,0.0,0.0
HG01600,0.0,0.0,0.0
HG01602,0.0,0.0,0.0
HG01603,0.0,0.0,0.0
HG01605,0.0,0.0,0.0
HG01606,0.0,0.0,0.0
HG01607,0.0,0.0,0.0
HG01608,0.0,0.0,0.0
HG01610,0.0,0.0,0.0
HG01612,0.0,0.0,0.0
HG01613,0.0,0.0,0.0
HG01615,0.0,0.0,0.0
HG01617,0.0,0.0,0.0
HG01618,0.0,0.0,0.0
HG01619,0.0,0.0,0.0
HG01620,0.0,0.0,0.0
HG01623,0.0,0.0,0.0
HG01624,0.0,0.0,0.0
HG01625,0.0,0.0,0.0
HG01626,0.0,0.0,0.0
HG01628,0.0,0.0,0.0
HG01630,0.0,0.0,0.0
HG01631,0.0,0.0,0.0
HG01632,0.0,0.0,0.0
HG01668,0.0,0.0,0.0
HG01669,0.0,0.0,0.0
HG01670,0.0,0.0,0.0
HG01672,0.0,0.0,0.0
HG01673,0.0,0.0,0.0
HG01675,0.0,0.0,0.0
HG01676,0.0,0.0,0.0
HG01678,0.0,0.0,0.0
HG01679,0.0,0.0,0.0
HG01680,0.0,0.0,0.0
HG01682,0.0,0.0,0.0
HG01684,0.0,0.0,0.0
HG01685,0.0,0.0,0.0
HG01686,0.0,0.0,0.0
HG01694,0.0,0.0,0.0
HG01695,0.0,0.0,0.0
HG01697,0.0,0.0,0.0
HG01699,0.0,0.0,0.0
HG01700,0.0,0.0,0.0
HG01702,0.0,0.0,0.0
HG01704,0.0,0.0,0.0
HG01705,0.0,0.0,0.0
HG01707,0.0,0.0,0.0
HG01708,0.0,0.0,0.0
HG01709,0.0,0.0,0.0
HG01710,0.0,0.0,0.0
HG01746,0.0,0.0,0.0
HG01747,0.0,0.0,0.0
HG01756,0.0,0.0,0.0
HG01757,0.0,0.0,0.0
HG01761,0.0,0.0,0.0
HG01762,0.0,0.0,0.0
HG01765,0.0,0.0,0.0
HG01766,0.0,0.0,0.0
HG01767,0.0,0.0,0.0
HG01768,0.0,0.0,0.0
HG01770,0.0,0.0,0.0
HG01771,0.0,0.0,0.0
HG01773,0.0,0.0,0.0
HG01775,0.0,0.0,0.0
HG01776,0.0,0.0,0.0
HG01777,0.0,0.0,0.0
HG01779,0.0,0.0,0.0
HG01781,0.0,0.0,0.0
HG01783,0.0,0.0,0.0
HG01784,0.0,0.0,0.0
HG01785,0.0,0.0,0.0
HG01786,0.0,0.0,0.0
HG01789,0.0,0.0,0.0
HG01790,0.0,0.0,0.0
HG01791,0.0,0.0,0.0
HG01794,0.0,0.0,0.0
HG01795,0.0,0.0,0.0
HG01796,0.0,0.0,0.0
HG01797,0.0,0.0,0.0
HG01798,0.0,0.0,0.0
HG01799,0.0,0.0,0.0
HG01800,0.0,0.0,0.0
HG01801,0.0,0.0,0.0
HG01802,0.0,0.0,0.0
HG01804,0.0,0.0,0.0
HG01805,0.0,0.0,0.0
HG01806,0.0,0.0,0.0
HG01807,0.0,0.0,0.0
HG01808,0.0,0.0,0.0
HG01809,0.0,0.0,0.0
HG01810,0.0,0.0,0.0
HG01811,0.0,0.0,0.0
HG01812,0.0,0.0,0.0
HG01813,0.0,0.0,0.0
HG01815,0.0,0.0,0.0
HG01816,0.0,0.0,0.0
HG01817,0.0,0.0,0.0
HG01840,0.0,0.0,0.0
HG01841,0.0,0.0,0.0
HG01842,0.0,0.0,0.0
HG01843,0.0,0.0,0.0
HG01844,0.0,0.0,0.0
HG01845,0.0,0.0,0.0
HG01846,0.0,0.0,0.0
HG01847,0.0,0.0,0.0
HG01848,0.0,0.0,0.0
HG01849,0.0,0.0,0.0
HG01850,0.0,0.0,0.0
HG01851,0.0,0.0,0.0
HG01852,0.0,0.0,0.0
HG01853,0.0,0.0,0.0
HG01855,0.0,0.0,0.0
HG01857,0.0,0.0,0.0
HG01858,0.0,0.0,0.0
HG01859,0.0,0.0,0.0
HG01860,0.0,0.0,0.0
HG01861,0.0,0.0,0.0
HG01862,0.0,0.0,0.0
HG01863,0.0,0.0,0.0
HG01864,0.0,0.0,0.0
HG01865,0.0,0.0,0.0
HG01866,0.0,0.0,0.0
HG01867,0.0,0.0,0.0
HG01868,0.0,0.0,0.0
HG01869,0.0,0.0,0.0
HG01870,0.0,0.0,0.0
HG01871,0.0,0.0,0.0
HG01872,0.0,0.0,0.0
HG01873,0.0,0.0,0.0
HG01874,0.0,0.0,0.0
HG01878,0.0,0.0,0.0
HG01879,0.005925,0.872764,0.12131
HG01880,0.088314,0.632011,0.279675
HG01882,1e-05,0.99998,1e-05
HG01883,1e-05,0.896723,0.103267
HG01885,1e-05,0.985501,0.014489
HG01886,1e-05,0.924128,0.075862
HG01889,1e-05,0.99998,1e-05
HG01890,0.001166,0.907394,0.091439
HG01892,0.693201,0.064765,0.242034
HG01893,0.537201,0.1221,0.340699
HG01894,1e-05,0.960223,0.039767
HG01896,1e-05,0.99998,1e-05
HG01912,1e-05,0.948755,0.051235
HG01914,1e-05,0.889669,0.110321
HG01915,0.000545,0.969276,0.030179
HG01917,0.8354,0.007757,0.156843
HG01918,0.745216,1e-05,0.254774
HG01920,0.961933,1e-05,0.038057
HG01921,0.737339,1e-05,0.262651
HG01923,0.921242,1e-05,0.078748
HG01924,0.689644,0.127395,0.182962
HG01926,0.99998,1e-05,1e-05
HG01927,0.927642,1e-05,0.072348
HG01932,0.779102,1e-05,0.220888
HG01933,0.628798,0.107677,0.263526
HG01935,0.706868,0.001256,0.291876
HG01936,0.634822,0.03024,0.334939
HG01938,0.984808,1e-05,0.015182
HG01939,0.753343,0.005084,0.241573
HG01941,0.793885,0.062484,0.143631
HG01942,0.81301,0.000496,0.186494
HG01944,0.668288,0.078489,0.253222
HG01945,0.753178,0.00105,0.245772
HG01947,0.582524,0.029013,0.388464
HG01948,0.656056,0.189417,0.154527
HG01950,0.825483,0.0594,0.115117
HG01951,0.938895,0.018892,0.042212
HG01953,0.866916,0.007656,0.125428
HG01954,0.885964,1e-05,0.114026
HG01956,1e-05,0.965798,0.034192
HG01958,0.007214,0.891768,0.101018
HG01961,0.97156,1e-05,0.02843
HG01965,0.570782,0.085818,0.3434
HG01967,0.612722,1e-05,0.387268
HG01968,0.937385,1e-05,0.062605
HG01970,0.62286,0.002419,0.374721
HG01971,0.53638,0.164626,0.298994
HG01973,0.789163,0.034685,0.176152
HG01974,0.935069,1e-05,0.064921
HG01976,0.648077,0.007189,0.344734
HG01977,0.764032,1e-05,0.235958
HG01979,0.681546,0.002394,0.31606
HG01980,0.698813,0.031138,0.270049
HG01982,0.755959,0.004241,0.2398
HG01985,0.000875,0.948801,0.050325
HG01986,1e-05,0.9057,0.09429
HG01988,1e-05,0.583223,0.416767
HG01989,1e-05,0.879394,0.120596
HG01990,1e-05,0.961799,0.038191
HG01991,0.711304,0.017317,0.271379
HG01992,0.880448,1e-05,0.119542
HG01997,0.860293,0.003926,0.135781
HG02002,0.752583,0.001738,0.245679
HG02003,0.792565,0.005832,0.201602
HG02006,0.29414,0.397947,0.307913
HG02008,0.812511,0.00616,0.181329
HG02009,1e-05,0.880673,0.119317
HG02010,1e-05,0.878782,0.121208
HG02012,1e-05,0.964988,0.035002
HG02013,1e-05,0.99998,1e-05
HG02014,1e-05,0.912911,0.087079
HG02016,0.0,0.0,0.0
HG02017,0.0,0.0,0.0
HG02019,0.0,0.0,0.0
HG02020,0.0,0.0,0.0
HG02023,0.0,0.0,0.0
HG02025,0.0,0.0,0.0
HG02026,0.0,0.0,0.0
HG02028,0.0,0.0,0.0
HG02029,0.0,0.0,0.0
HG02031,0.0,0.0,0.0
HG02032,0.0,0.0,0.0
HG02035,0.0,0.0,0.0
HG02040,0.0,0.0,0.0
HG02047,0.0,0.0,0.0
HG02048,0.0,0.0,0.0
HG02049,0.0,0.0,0.0
HG02050,0.0,0.0,0.0
HG02051,1e-05,0.99998,1e-05
HG02052,1e-05,0.99998,1e-05
HG02053,1e-05,0.969348,0.030642
HG02054,1e-05,0.907121,0.092869
HG02057,0.0,0.0,0.0
HG02058,0.0,0.0,0.0
HG02060,0.0,0.0,0.0
HG02061,0.0,0.0,0.0
HG02064,0.0,0.0,0.0
HG02067,0.0,0.0,0.0
HG02069,0.0,0.0,0.0
HG02070,0.0,0.0,0.0
HG02072,0.0,0.0,0.0
HG02073,0.0,0.0,0.0
HG02075,0.0,0.0,0.0
HG02076,0.0,0.0,0.0
HG02078,0.0,0.0,0.0
HG02079,0.0,0.0,0.0
HG02081,0.0,0.0,0.0
HG02082,0.0,0.0,0.0
HG02084,0.0,0.0,0.0
HG02085,0.0,0.0,0.0
HG02086,0.0,0.0,0.0
HG02087,0.0,0.0,0.0
HG02088,0.0,0.0,0.0
HG02089,0.622699,0.010275,0.367025
HG02090,0.543192,0.123971,0.332837
HG02095,1e-05,0.966844,0.033146
HG02102,0.806627,0.010538,0.182835
HG02104,0.879114,1e-05,0.120876
HG02105,0.924391,1e-05,0.075599
HG02107,1e-05,0.99998,1e-05
HG02108,1e-05,0.859969,0.140021
HG02111,1e-05,0.961978,0.038012
HG02113,0.0,0.0,0.0
HG02116,0.0,0.0,0.0
HG02121,0.0,0.0,0.0
HG02122,0.0,0.0,0.0
HG02127,0.0,0.0,0.0
HG02128,0.0,0.0,0.0
HG02130,0.0,0.0,0.0
HG02131,0.0,0.0,0.0
HG02133,0.0,0.0,0.0
HG02134,0.0,0.0,0.0
HG02136,0.0,0.0,0.0
HG02137,0.0,0.0,0.0
HG02138,0.0,0.0,0.0
HG02139,0.0,0.0,0.0
HG02140,0.0,0.0,0.0
HG02141,0.0,0.0,0.0
HG02142,0.0,0.0,0.0
HG02143,1e-05,0.855519,0.144471
HG02144,0.002931,0.98053,0.016539
HG02146,0.866543,1e-05,0.133447
HG02147,0.896338,1e-05,0.103652
HG02150,0.928824,1e-05,0.071166
HG02151,0.0,0.0,0.0
HG02152,0.0,0.0,0.0
HG02153,0.0,0.0,0.0
HG02154,0.0,0.0,0.0
HG02155,0.0,0.0,0.0
HG02156,0.0,0.0,0.0
HG02164,0.0,0.0,0.0
HG02165,0.0,0.0,0.0
HG02166,0.0,0.0,0.0
HG02178,0.0,0.0,0.0
HG02179,0.0,0.0,0.0
HG02180,0.0,0.0,0.0
HG02181,0.0,0.0,0.0
HG02182,0.0,0.0,0.0
HG02184,0.0,0.0,0.0
HG02185,0.0,0.0,0.0
HG02186,0.0,0.0,0.0
HG02187,0.0,0.0,0.0
HG02188,0.0,0.0,0.0
HG02190,0.0,0.0,0.0
HG02215,0.0,0.0,0.0
HG02219,0.0,0.0,0.0
HG02220,0.0,0.0,0.0
HG02221,0.0,0.0,0.0
HG02223,0.0,0.0,0.0
HG02224,0.0,0.0,0.0
HG02230,0.0,0.0,0.0
HG02231,0.0,0.0,0.0
HG02232,0.0,0.0,0.0
HG02233,0.0,0.0,0.0
HG02235,0.0,0.0,0.0
HG02236,0.0,0.0,0.0
HG02238,0.0,0.0,0.0
HG02239,0.0,0.0,0.0
HG02250,0.0,0.0,0.0
HG02252,0.627559,0.01787,0.354571
HG02253,0.512273,0.005274,0.482453
HG02255,0.00108,0.97208,0.026841
HG02256,0.019677,0.81625,0.164073
HG02259,0.957467,1e-05,0.042523
HG02260,0.809253,0.000181,0.190566
HG02262,0.755374,0.001385,0.243241
HG02265,0.908183,1e-05,0.091807
HG02266,0.904922,1e-05,0.095068
HG02271,0.965328,0.004915,0.029757
HG02272,0.99998,1e-05,1e-05
HG02274,0.578293,0.256144,0.165563
HG02275,0.932408,1e-05,0.067582
HG02277,0.652819,1e-05,0.347171
HG02278,0.877602,0.005053,0.117345
HG02281,1e-05,0.99998,1e-05
HG02282,1e-05,0.840332,0.159658
HG02283,1e-05,0.827098,0.172892
HG02284,1e-05,0.870961,0.129029
HG02285,0.768506,0.013105,0.218389
HG02286,0.721306,0.005379,0.273315
HG02291,0.953747,1e-05,0.046243
HG02292,0.847758,1e-05,0.152232
HG02298,0.588926,0.006053,0.405021
HG02299,0.844829,1e-05,0.155161
HG02301,0.795391,0.001753,0.202856
HG02304,0.740703,0.055416,0.203881
HG02307,1e-05,0.983304,0.016686
HG02308,1e-05,0.933396,0.066594
HG02309,0.002017,0.930705,0.067279
HG02312,0.586448,1e-05,0.413542
HG02314,1e-05,0.972596,0.027394
HG02315,0.000117,0.911491,0.088392
HG02317,1e-05,0.993116,0.006874
HG02318,1e-05,0.999916,7.4e-05
HG02322,1e-05,0.905511,0.094479
HG02323,1e-05,0.959978,0.040012
HG02325,1e-05,0.99998,1e-05
HG02330,3.2e-05,0.929337,0.07063
HG02332,1e-05,0.940935,0.059055
HG02334,1e-05,0.785218,0.214772
HG02337,1e-05,0.914139,0.085851
HG02339,1e-05,0.99998,1e-05
HG02343,0.000524,0.806001,0.193475
HG02345,0.464911,0.093848,0.441241
HG02348,0.810269,0.005935,0.183796
HG02351,0.0,0.0,0.0
HG02353,0.0,0.0,0.0
HG02355,0.0,0.0,0.0
HG02356,0.0,0.0,0.0
HG02360,0.0,0.0,0.0
HG02364,0.0,0.0,0.0
HG02367,0.0,0.0,0.0
HG02371,0.0,0.0,0.0
HG02373,0.0,0.0,0.0
HG02374,0.0,0.0,0.0
HG02375,0.0,0.0,0.0
HG02379,0.0,0.0,0.0
HG02380,0.0,0.0,0.0
HG02382,0.0,0.0,0.0
HG02383,0.0,0.0,0.0
HG02384,0.0,0.0,0.0
HG02385,0.0,0.0,0.0
HG02386,0.0,0.0,0.0
HG02389,0.0,0.0,0.0
HG02390,0.0,0.0,0.0
HG02391,0.0,0.0,0.0
HG02392,0.0,0.0,0.0
HG02394,0.0,0.0,0.0
HG02395,0.0,0.0,0.0
HG02396,0.0,0.0,0.0
HG02397,0.0,0.0,0.0
HG02398,0.0,0.0,0.0
HG02399,0.0,0.0,0.0
HG02401,0.0,0.0,0.0
HG02402,0.0,0.0,0.0
HG02406,0.0,0.0,0.0
HG02407,0.0,0.0,0.0
HG02408,0.0,0.0,0.0
HG02409,0.0,0.0,0.0
HG02410,0.0,0.0,0.0
HG02419,0.005348,0.966967,0.027685
HG02420,1e-05,0.590789,0.409201
HG02425,0.546347,0.05654,0.397113
HG02427,1e-05,0.948768,0.051222
HG02429,1e-05,0.95195,0.04804
HG02433,0.002244,0.912974,0.084783
HG02439,1e-05,0.976642,0.023348
HG02442,1e-05,0.99998,1e-05
HG02445,1e-05,0.85811,0.14188
HG02449,1e-05,0.993325,0.006665
HG02450,1e-05,0.965677,0.034313
HG02455,0.002614,0.891889,0.105497
HG02461,0.0,0.0,0.0
HG02462,0.0,0.0,0.0
HG02464,0.0,0.0,0.0
HG02465,0.0,0.0,0.0
HG02470,1e-05,0.967628,0.032362
HG02471,1e-05,0.955676,0.044314
HG02476,1e-05,0.864019,0.135971
HG02477,1e-05,0.894796,0.105194
HG02479,1e-05,0.949224,0.050766
HG02481,0.003706,0.943582,0.052713
HG02484,1e-05,0.933631,0.066359
HG02485,1e-05,0.767173,0.232817
HG02489,1e-05,0.903988,0.096002
HG02490,0.0,0.0,0.0
HG02491,0.0,0.0,0.0
HG02493,0.0,0.0,0.0
HG02494,0.0,0.0,0.0
HG02496,1e-05,0.956742,0.043248
HG02497,0.005838,0.985907,0.008255
HG02501,1e-05,0.813635,0.186355
HG02502,0.001844,0.850094,0.148062
HG02505,0.004916,0.93461,0.060475
HG02508,0.006032,0.956516,0.037452
HG02511,0.004013,0.975753,0.020234
HG02512,0.0,0.0,0.0
HG02513,0.0,0.0,0.0
HG02521,0.0,0.0,0.0
HG02522,0.0,0.0,0.0
HG02536,1e-05,0.845175,0.154815
HG02537,1e-05,0.982434,0.017556
HG02541,0.001057,0.839628,0.159315
HG02545,0.000428,0.9469,0.052672
HG02546,0.006894,0.956613,0.036493
HG02549,1e-05,0.99998,1e-05
HG02554,0.001514,0.918281,0.080206
HG02555,1e-05,0.925999,0.073991
HG02557,0.00311,0.97663,0.02026
HG02558,0.005684,0.931799,0.062517
HG02561,0.0,0.0,0.0
HG02562,0.0,0.0,0.0
HG02568,0.0,0.0,0.0
HG02570,0.0,0.0,0.0
HG02571,0.0,0.0,0.0
HG02573,0.0,0.0,0.0
HG02574,0.0,0.0,0.0
HG02577,1e-05,0.823752,0.176238
HG02580,1e-05,0.889038,0.110952
HG02582,0.0,0.0,0.0
HG02583,0.0,0.0,0.0
HG02585,0.0,0.0,0.0
HG02586,0.0,0.0,0.0
HG02588,0.0,0.0,0.0
HG02589,0.0,0.0,0.0
HG02594,0.0,0.0,0.0
HG02595,0.0,0.0,0.0
HG02597,0.0,0.0,0.0
HG02600,0.0,0.0,0.0
HG02601,0.0,0.0,0.0
HG02603,0.0,0.0,0.0
HG02604,0.0,0.0,0.0
HG02610,0.0,0.0,0.0
HG02611,0.0,0.0,0.0
HG02613,0.0,0.0,0.0
HG02614,0.0,0.0,0.0
HG02620,0.0,0.0,0.0
HG02621,0.0,0.0,0.0
HG02623,0.0,0.0,0.0
HG02624,0.0,0.0,0.0
HG02628,0.0,0.0,0.0
HG02629,0.0,0.0,0.0
HG02634,0.0,0.0,0.0
HG02635,0.0,0.0,0.0
HG02642,0.0,0.0,0.0
HG02643,0.0,0.0,0.0
HG02645,0.0,0.0,0.0
HG02646,0.0,0.0,0.0
HG02648,0.0,0.0,0.0
HG02649,0.0,0.0,0.0
HG02651,0.0,0.0,0.0
HG02652,0.0,0.0,0.0
HG02654,0.0,0.0,0.0
HG02655,0.0,0.0,0.0
HG02657,0.0,0.0,0.0
HG02658,0.0,0.0,0.0
HG02660,0.0,0.0,0.0
HG02661,0.0,0.0,0.0
HG02666,0.0,0.0,0.0
HG02667,0.0,0.0,0.0
HG02675,0.0,0.0,0.0
HG02676,0.0,0.0,0.0
HG02678,0.0,0.0,0.0
HG02679,0.0,0.0,0.0
HG02681,0.0,0.0,0.0
HG02682,0.0,0.0,0.0
HG02684,0.0,0.0,0.0
HG02685,0.0,0.0,0.0
HG02687,0.0,0.0,0.0
HG02688,0.0,0.0,0.0
HG02690,0.0,0.0,0.0
HG02691,0.0,0.0,0.0
HG02694,0.0,0.0,0.0
HG02696,0.0,0.0,0.0
HG02697,0.0,0.0,0.0
HG02699,0.0,0.0,0.0
HG02700,0.0,0.0,0.0
HG02702,0.0,0.0,0.0
HG02703,0.0,0.0,0.0
HG02715,0.0,0.0,0.0
HG02716,0.0,0.0,0.0
HG02721,0.0,0.0,0.0
HG02722,0.0,0.0,0.0
HG02724,0.0,0.0,0.0
HG02725,0.0,0.0,0.0
HG02727,0.0,0.0,0.0
HG02728,0.0,0.0,0.0
HG02731,0.0,0.0,0.0
HG02733,0.0,0.0,0.0
HG02734,0.0,0.0,0.0
HG02736,0.0,0.0,0.0
HG02737,0.0,0.0,0.0
HG02756,0.0,0.0,0.0
HG02757,0.0,0.0,0.0
HG02759,0.0,0.0,0.0
HG02760,0.0,0.0,0.0
HG02763,0.0,0.0,0.0
HG02768,0.0,0.0,0.0
HG02769,0.0,0.0,0.0
HG02771,0.0,0.0,0.0
HG02772,0.0,0.0,0.0
HG02774,0.0,0.0,0.0
HG02775,0.0,0.0,0.0
HG02778,0.0,0.0,0.0
HG02780,0.0,0.0,0.0
HG02783,0.0,0.0,0.0
HG02784,0.0,0.0,0.0
HG02786,0.0,0.0,0.0
HG02787,0.0,0.0,0.0
HG02789,0.0,0.0,0.0
HG02790,0.0,0.0,0.0
HG02792,0.0,0.0,0.0
HG02793,0.0,0.0,0.0
HG02798,0.0,0.0,0.0
HG02799,0.0,0.0,0.0
HG02804,0.0,0.0,0.0
HG02805,0.0,0.0,0.0
HG02807,0.0,0.0,0.0
HG02808,0.0,0.0,0.0
HG02810,0.0,0.0,0.0
HG02811,0.0,0.0,0.0
HG02813,0.0,0.0,0.0
HG02814,0.0,0.0,0.0
HG02816,0.0,0.0,0.0
HG02817,0.0,0.0,0.0
HG02819,0.0,0.0,0.0
HG02820,0.0,0.0,0.0
HG02836,0.0,0.0,0.0
HG02837,0.0,0.0,0.0
HG02839,0.0,0.0,0.0
HG02840,0.0,0.0,0.0
HG02851,0.0,0.0,0.0
HG02852,0.0,0.0,0.0
HG02854,0.0,0.0,0.0
HG02855,0.0,0.0,0.0
HG02860,0.0,0.0,0.0
HG02861,0.0,0.0,0.0
HG02870,0.0,0.0,0.0
HG02878,0.0,0.0,0.0
HG02879,0.0,0.0,0.0
HG02881,0.0,0.0,0.0
HG02882,0.0,0.0,0.0
HG02884,0.0,0.0,0.0
HG02885,0.0,0.0,0.0
HG02887,0.0,0.0,0.0
HG02888,0.0,0.0,0.0
HG02890,0.0,0.0,0.0
HG02891,0.0,0.0,0.0
HG02895,0.0,0.0,0.0
HG02896,0.0,0.0,0.0
HG02922,0.0,0.0,0.0
HG02923,0.0,0.0,0.0
HG02938,0.0,0.0,0.0
HG02941,0.0,0.0,0.0
HG02943,0.0,0.0,0.0
HG02944,0.0,0.0,0.0
HG02946,0.0,0.0,0.0
HG02947,0.0,0.0,0.0
HG02952,0.0,0.0,0.0
HG02953,0.0,0.0,0.0
HG02968,0.0,0.0,0.0
HG02970,0.0,0.0,0.0
HG02971,0.0,0.0,0.0
HG02973,0.0,0.0,0.0
HG02974,0.0,0.0,0.0
HG02976,0.0,0.0,0.0
HG02977,0.0,0.0,0.0
HG02979,0.0,0.0,0.0
HG02981,0.0,0.0,0.0
HG02982,0.0,0.0,0.0
HG02983,0.0,0.0,0.0
HG03006,0.0,0.0,0.0
HG03007,0.0,0.0,0.0
HG03009,0.0,0.0,0.0
HG03012,0.0,0.0,0.0
HG03015,0.0,0.0,0.0
HG03016,0.0,0.0,0.0
HG03018,0.0,0.0,0.0
HG03019,0.0,0.0,0.0
HG03021,0.0,0.0,0.0
HG03022,0.0,0.0,0.0
HG03024,0.0,0.0,0.0
HG03025,0.0,0.0,0.0
HG03027,0.0,0.0,0.0
HG03028,0.0,0.0,0.0
HG03039,0.0,0.0,0.0
HG03040,0.0,0.0,0.0
HG03045,0.0,0.0,0.0
HG03046,0.0,0.0,0.0
HG03048,0.0,0.0,0.0
HG03049,0.0,0.0,0.0
HG03052,0.0,0.0,0.0
HG03054,0.0,0.0,0.0
HG03055,0.0,0.0,0.0
HG03057,0.0,0.0,0.0
HG03058,0.0,0.0,0.0
HG03060,0.0,0.0,0.0
HG03061,0.0,0.0,0.0
HG03063,0.0,0.0,0.0
HG03064,0.0,0.0,0.0
HG03066,0.0,0.0,0.0
HG03069,0.0,0.0,0.0
HG03072,0.0,0.0,0.0
HG03073,0.0,0.0,0.0
HG03074,0.0,0.0,0.0
HG03077,0.0,0.0,0.0
HG03078,0.0,0.0,0.0
HG03079,0.0,0.0,0.0
HG03081,0.0,0.0,0.0
HG03082,0.0,0.0,0.0
HG03084,0.0,0.0,0.0
HG03085,0.0,0.0,0.0
HG03086,0.0,0.0,0.0
HG03088,0.0,0.0,0.0
HG03091,0.0,0.0,0.0
HG03095,0.0,0.0,0.0
HG03096,0.0,0.0,0.0
HG03097,0.0,0.0,0.0
HG03099,0.0,0.0,0.0
HG03100,0.0,0.0,0.0
HG03103,0.0,0.0,0.0
HG03105,0.0,0.0,0.0
HG03108,0.0,0.0,0.0
HG03109,0.0,0.0,0.0
HG03111,0.0,0.0,0.0
HG03112,0.0,0.0,0.0
HG03114,0.0,0.0,0.0
HG03115,0.0,0.0,0.0
HG03117,0.0,0.0,0.0
HG03118,0.0,0.0,0.0
HG03120,0.0,0.0,0.0
HG03121,0.0,0.0,0.0
HG03123,0.0,0.0,0.0
HG03124,0.0,0.0,0.0
HG03126,0.0,0.0,0.0
HG03127,0.0,0.0,0.0
HG03129,0.0,0.0,0.0
HG03130,0.0,0.0,0.0
HG03132,0.0,0.0,0.0
HG03133,0.0,0.0,0.0
HG03135,0.0,0.0,0.0
HG03136,0.0,0.0,0.0
HG03139,0.0,0.0,0.0
HG03157,0.0,0.0,0.0
HG03159,0.0,0.0,0.0
HG03160,0.0,0.0,0.0
HG03162,0.0,0.0,0.0
HG03163,0.0,0.0,0.0
HG03166,0.0,0.0,0.0
HG03168,0.0,0.0,0.0
HG03169,0.0,0.0,0.0
HG03172,0.0,0.0,0.0
HG03175,0.0,0.0,0.0
HG03189,0.0,0.0,0.0
HG03190,0.0,0.0,0.0
HG03193,0.0,0.0,0.0
HG03195,0.0,0.0,0.0
HG03196,0.0,0.0,0.0
HG03198,0.0,0.0,0.0
HG03199,0.0,0.0,0.0
HG03202,0.0,0.0,0.0
HG03209,0.0,0.0,0.0
HG03212,0.0,0.0,0.0
HG03224,0.0,0.0,0.0
HG03225,0.0,0.0,0.0
HG03228,0.0,0.0,0.0
HG03229,0.0,0.0,0.0
HG03234,0.0,0.0,0.0
HG03235,0.0,0.0,0.0
HG03237,0.0,0.0,0.0
HG03238,0.0,0.0,0.0
HG03240,0.0,0.0,0.0
HG03241,0.0,0.0,0.0
HG03246,0.0,0.0,0.0
HG03247,0.0,0.0,0.0
HG03258,0.0,0.0,0.0
HG03259,0.0,0.0,0.0
HG03265,0.0,0.0,0.0
HG03267,0.0,0.0,0.0
HG03268,0.0,0.0,0.0
HG03270,0.0,0.0,0.0
HG03271,0.0,0.0,0.0
HG03279,0.0,0.0,0.0
HG03280,0.0,0.0,0.0
HG03291,0.0,0.0,0.0
HG03294,0.0,0.0,0.0
HG03295,0.0,0.0,0.0
HG03297,0.0,0.0,0.0
HG03298,0.0,0.0,0.0
HG03300,0.0,0.0,0.0
HG03301,0.0,0.0,0.0
HG03303,0.0,0.0,0.0
HG03304,0.0,0.0,0.0
HG03311,0.0,0.0,0.0
HG03313,0.0,0.0,0.0
HG03342,0.0,0.0,0.0
HG03343,0.0,0.0,0.0
HG03351,0.0,0.0,0.0
HG03352,0.0,0.0,0.0
HG03354,0.0,0.0,0.0
HG03363,0.0,0.0,0.0
HG03366,0.0,0.0,0.0
HG03367,0.0,0.0,0.0
HG03369,0.0,0.0,0.0
HG03370,0.0,0.0,0.0
HG03372,0.0,0.0,0.0
HG03376,0.0,0.0,0.0
HG03378,0.0,0.0,0.0
HG03380,0.0,0.0,0.0
HG03382,0.0,0.0,0.0
HG03385,0.0,0.0,0.0
HG03388,0.0,0.0,0.0
HG03391,0.0,0.0,0.0
HG03394,0.0,0.0,0.0
HG03397,0.0,0.0,0.0
HG03401,0.0,0.0,0.0
HG03410,0.0,0.0,0.0
HG03419,0.0,0.0,0.0
HG03428,0.0,0.0,0.0
HG03432,0.0,0.0,0.0
HG03433,0.0,0.0,0.0
HG03436,0.0,0.0,0.0
HG03437,0.0,0.0,0.0
HG03439,0.0,0.0,0.0
HG03442,0.0,0.0,0.0
HG03445,0.0,0.0,0.0
HG03446,0.0,0.0,0.0
HG03449,0.0,0.0,0.0
HG03451,0.0,0.0,0.0
HG03452,0.0,0.0,0.0
HG03455,0.0,0.0,0.0
HG03457,0.0,0.0,0.0
HG03458,0.0,0.0,0.0
HG03460,0.0,0.0,0.0
HG03461,0.0,0.0,0.0
HG03464,0.0,0.0,0.0
HG03469,0.0,0.0,0.0
HG03470,0.0,0.0,0.0
HG03472,0.0,0.0,0.0
HG03473,0.0,0.0,0.0
HG03476,0.0,0.0,0.0
HG03478,0.0,0.0,0.0
HG03479,0.0,0.0,0.0
HG03484,0.0,0.0,0.0
HG03485,0.0,0.0,0.0
HG03488,0.0,0.0,0.0
HG03490,0.0,0.0,0.0
HG03491,0.0,0.0,0.0
HG03499,0.0,0.0,0.0
HG03511,0.0,0.0,0.0
HG03514,0.0,0.0,0.0
HG03515,0.0,0.0,0.0
HG03517,0.0,0.0,0.0
HG03518,0.0,0.0,0.0
HG03520,0.0,0.0,0.0
HG03521,0.0,0.0,0.0
HG03538,0.0,0.0,0.0
HG03539,0.0,0.0,0.0
HG03547,0.0,0.0,0.0
HG03548,0.0,0.0,0.0
HG03556,0.0,0.0,0.0
HG03557,0.0,0.0,0.0
HG03558,0.0,0.0,0.0
HG03559,0.0,0.0,0.0
HG03563,0.0,0.0,0.0
HG03565,0.0,0.0,0.0
HG03567,0.0,0.0,0.0
HG03571,0.0,0.0,0.0
HG03572,0.0,0.0,0.0
HG03575,0.0,0.0,0.0
HG03577,0.0,0.0,0.0
HG03578,0.0,0.0,0.0
HG03583,0.0,0.0,0.0
HG03585,0.0,0.0,0.0
HG03589,0.0,0.0,0.0
HG03593,0.0,0.0,0.0
HG03594,0.0,0.0,0.0
HG03595,0.0,0.0,0.0
HG03598,0.0,0.0,0.0
HG03600,0.0,0.0,0.0
HG03603,0.0,0.0,0.0
HG03604,0.0,0.0,0.0
HG03607,0.0,0.0,0.0
HG03611,0.0,0.0,0.0
HG03615,0.0,0.0,0.0
HG03616,0.0,0.0,0.0
HG03619,0.0,0.0,0.0
HG03624,0.0,0.0,0.0
HG03625,0.0,0.0,0.0
HG03629,0.0,0.0,0.0
HG03631,0.0,0.0,0.0
HG03634,0.0,0.0,0.0
HG03636,0.0,0.0,0.0
HG03640,0.0,0.0,0.0
HG03642,0.0,0.0,0.0
HG03643,0.0,0.0,0.0
HG03644,0.0,0.0,0.0
HG03645,0.0,0.0,0.0
HG03646,0.0,0.0,0.0
HG03649,0.0,0.0,0.0
HG03652,0.0,0.0,0.0
HG03653,0.0,0.0,0.0
HG03660,0.0,0.0,0.0
HG03663,0.0,0.0,0.0
HG03667,0.0,0.0,0.0
HG03668,0.0,0.0,0.0
HG03672,0.0,0.0,0.0
HG03673,0.0,0.0,0.0
HG03679,0.0,0.0,0.0
HG03680,0.0,0.0,0.0
HG03681,0.0,0.0,0.0
HG03684,0.0,0.0,0.0
HG03685,0.0,0.0,0.0
HG03686,0.0,0.0,0.0
HG03687,0.0,0.0,0.0
HG03689,0.0,0.0,0.0
HG03690,0.0,0.0,0.0
HG03691,0.0,0.0,0.0
HG03692,0.0,0.0,0.0
HG03693,0.0,0.0,0.0
HG03694,0.0,0.0,0.0
HG03695,0.0,0.0,0.0
HG03696,0.0,0.0,0.0
HG03697,0.0,0.0,0.0
HG03698,0.0,0.0,0.0
HG03702,0.0,0.0,0.0
HG03703,0.0,0.0,0.0
HG03705,0.0,0.0,0.0
HG03706,0.0,0.0,0.0
HG03708,0.0,0.0,0.0
HG03709,0.0,0.0,0.0
HG03711,0.0,0.0,0.0
HG03713,0.0,0.0,0.0
HG03714,0.0,0.0,0.0
HG03716,0.0,0.0,0.0
HG03717,0.0,0.0,0.0
HG03718,0.0,0.0,0.0
HG03720,0.0,0.0,0.0
HG03722,0.0,0.0,0.0
HG03727,0.0,0.0,0.0
HG03729,0.0,0.0,0.0
HG03730,0.0,0.0,0.0
HG03731,0.0,0.0,0.0
HG03733,0.0,0.0,0.0
HG03736,0.0,0.0,0.0
HG03738,0.0,0.0,0.0
HG03740,0.0,0.0,0.0
HG03741,0.0,0.0,0.0
HG03742,0.0,0.0,0.0
HG03743,0.0,0.0,0.0
HG03744,0.0,0.0,0.0
HG03745,0.0,0.0,0.0
HG03746,0.0,0.0,0.0
HG03750,0.0,0.0,0.0
HG03752,0.0,0.0,0.0
HG03753,0.0,0.0,0.0
HG03754,0.0,0.0,0.0
HG03755,0.0,0.0,0.0
HG03756,0.0,0.0,0.0
HG03757,0.0,0.0,0.0
HG03760,0.0,0.0,0.0
HG03762,0.0,0.0,0.0
HG03765,0.0,0.0,0.0
HG03767,0.0,0.0,0.0
HG03770,0.0,0.0,0.0
HG03771,0.0,0.0,0.0
HG03772,0.0,0.0,0.0
HG03773,0.0,0.0,0.0
HG03774,0.0,0.0,0.0
HG03775,0.0,0.0,0.0
HG03777,0.0,0.0,0.0
HG03778,0.0,0.0,0.0
HG03779,0.0,0.0,0.0
HG03780,0.0,0.0,0.0
HG03781,0.0,0.0,0.0
HG03782,0.0,0.0,0.0
HG03784,0.0,0.0,0.0
HG03785,0.0,0.0,0.0
HG03786,0.0,0.0,0.0
HG03787,0.0,0.0,0.0
HG03788,0.0,0.0,0.0
HG03789,0.0,0.0,0.0
HG03790,0.0,0.0,0.0
HG03792,0.0,0.0,0.0
HG03793,0.0,0.0,0.0
HG03796,0.0,0.0,0.0
HG03800,0.0,0.0,0.0
HG03802,0.0,0.0,0.0
HG03803,0.0,0.0,0.0
HG03805,0.0,0.0,0.0
HG03808,0.0,0.0,0.0
HG03809,0.0,0.0,0.0
HG03812,0.0,0.0,0.0
HG03814,0.0,0.0,0.0
HG03815,0.0,0.0,0.0
HG03817,0.0,0.0,0.0
HG03821,0.0,0.0,0.0
HG03823,0.0,0.0,0.0
HG03824,0.0,0.0,0.0
HG03826,0.0,0.0,0.0
HG03829,0.0,0.0,0.0
HG03830,0.0,0.0,0.0
HG03832,0.0,0.0,0.0
HG03833,0.0,0.0,0.0
HG03836,0.0,0.0,0.0
HG03837,0.0,0.0,0.0
HG03838,0.0,0.0,0.0
HG03844,0.0,0.0,0.0
HG03846,0.0,0.0,0.0
HG03848,0.0,0.0,0.0
HG03849,0.0,0.0,0.0
HG03850,0.0,0.0,0.0
HG03851,0.0,0.0,0.0
HG03854,0.0,0.0,0.0
HG03856,0.0,0.0,0.0
HG03857,0.0,0.0,0.0
HG03858,0.0,0.0,0.0
HG03861,0.0,0.0,0.0
HG03862,0.0,0.0,0.0
HG03863,0.0,0.0,0.0
HG03864,0.0,0.0,0.0
HG03866,0.0,0.0,0.0
HG03867,0.0,0.0,0.0
HG03868,0.0,0.0,0.0
HG03869,0.0,0.0,0.0
HG03870,0.0,0.0,0.0
HG03871,0.0,0.0,0.0
HG03872,0.0,0.0,0.0
HG03873,0.0,0.0,0.0
HG03874,0.0,0.0,0.0
HG03875,0.0,0.0,0.0
HG03882,0.0,0.0,0.0
HG03884,0.0,0.0,0.0
HG03885,0.0,0.0,0.0
HG03886,0.0,0.0,0.0
HG03887,0.0,0.0,0.0
HG03888,0.0,0.0,0.0
HG03890,0.0,0.0,0.0
HG03894,0.0,0.0,0.0
HG03895,0.0,0.0,0.0
HG03896,0.0,0.0,0.0
HG03897,0.0,0.0,0.0
HG03898,0.0,0.0,0.0
HG03899,0.0,0.0,0.0
HG03900,0.0,0.0,0.0
HG03902,0.0,0.0,0.0
HG03905,0.0,0.0,0.0
HG03907,0.0,0.0,0.0
HG03908,0.0,0.0,0.0
HG03910,0.0,0.0,0.0
HG03911,0.0,0.0,0.0
HG03913,0.0,0.0,0.0
HG03914,0.0,0.0,0.0
HG03916,0.0,0.0,0.0
HG03917,0.0,0.0,0.0
HG03919,0.0,0.0,0.0
HG03920,0.0,0.0,0.0
HG03922,0.0,0.0,0.0
HG03925,0.0,0.0,0.0
HG03926,0.0,0.0,0.0
HG03928,0.0,0.0,0.0
HG03931,0.0,0.0,0.0
HG03934,0.0,0.0,0.0
HG03937,0.0,0.0,0.0
HG03940,0.0,0.0,0.0
HG03941,0.0,0.0,0.0
HG03943,0.0,0.0,0.0
HG03944,0.0,0.0,0.0
HG03945,0.0,0.0,0.0
HG03947,0.0,0.0,0.0
HG03949,0.0,0.0,0.0
HG03950,0.0,0.0,0.0
HG03951,0.0,0.0,0.0
HG03953,0.0,0.0,0.0
HG03955,0.0,0.0,0.0
HG03960,0.0,0.0,0.0
HG03963,0.0,0.0,0.0
HG03965,0.0,0.0,0.0
HG03967,0.0,0.0,0.0
HG03968,0.0,0.0,0.0
HG03969,0.0,0.0,0.0
HG03971,0.0,0.0,0.0
HG03973,0.0,0.0,0.0
HG03974,0.0,0.0,0.0
HG03976,0.0,0.0,0.0
HG03977,0.0,0.0,0.0
HG03978,0.0,0.0,0.0
HG03985,0.0,0.0,0.0
HG03986,0.0,0.0,0.0
HG03989,0.0,0.0,0.0
HG03990,0.0,0.0,0.0
HG03991,0.0,0.0,0.0
HG03995,0.0,0.0,0.0
HG03998,0.0,0.0,0.0
HG03999,0.0,0.0,0.0
HG04001,0.0,0.0,0.0
HG04002,0.0,0.0,0.0
HG04003,0.0,0.0,0.0
HG04006,0.0,0.0,0.0
HG04014,0.0,0.0,0.0
HG04015,0.0,0.0,0.0
HG04017,0.0,0.0,0.0
HG04018,0.0,0.0,0.0
HG04019,0.0,0.0,0.0
HG04020,0.0,0.0,0.0
HG04022,0.0,0.0,0.0
HG04023,0.0,0.0,0.0
HG04025,0.0,0.0,0.0
HG04026,0.0,0.0,0.0
HG04029,0.0,0.0,0.0
HG04033,0.0,0.0,0.0
HG04035,0.0,0.0,0.0
HG04038,0.0,0.0,0.0
HG04039,0.0,0.0,0.0
HG04042,0.0,0.0,0.0
HG04047,0.0,0.0,0.0
HG04054,0.0,0.0,0.0
HG04056,0.0,0.0,0.0
HG04059,0.0,0.0,0.0
HG04060,0.0,0.0,0.0
HG04061,0.0,0.0,0.0
HG04062,0.0,0.0,0.0
HG04063,0.0,0.0,0.0
HG04070,0.0,0.0,0.0
HG04075,0.0,0.0,0.0
HG04076,0.0,0.0,0.0
HG04080,0.0,0.0,0.0
HG04090,0.0,0.0,0.0
HG04093,0.0,0.0,0.0
HG04094,0.0,0.0,0.0
HG04096,0.0,0.0,0.0
HG04098,0.0,0.0,0.0
HG04099,0.0,0.0,0.0
HG04100,0.0,0.0,0.0
HG04106,0.0,0.0,0.0
HG04107,0.0,0.0,0.0
HG04118,0.0,0.0,0.0
HG04131,0.0,0.0,0.0
HG04134,0.0,0.0,0.0
HG04140,0.0,0.0,0.0
HG04141,0.0,0.0,0.0
HG04144,0.0,0.0,0.0
HG04146,0.0,0.0,0.0
HG04152,0.0,0.0,0.0
HG04153,0.0,0.0,0.0
HG04155,0.0,0.0,0.0
HG04156,0.0,0.0,0.0
HG04158,0.0,0.0,0.0
HG04159,0.0,0.0,0.0
HG04161,0.0,0.0,0.0
HG04162,0.0,0.0,0.0
HG04164,0.0,0.0,0.0
HG04171,0.0,0.0,0.0
HG04173,0.0,0.0,0.0
HG04176,0.0,0.0,0.0
HG04177,0.0,0.0,0.0
HG04180,0.0,0.0,0.0
HG04182,0.0,0.0,0.0
HG04183,0.0,0.0,0.0
HG04185,0.0,0.0,0.0
HG04186,0.0,0.0,0.0
HG04188,0.0,0.0,0.0
HG04189,0.0,0.0,0.0
HG04194,0.0,0.0,0.0
HG04195,0.0,0.0,0.0
HG04198,0.0,0.0,0.0
HG04200,0.0,0.0,0.0
HG04202,0.0,0.0,0.0
HG04206,0.0,0.0,0.0
HG04209,0.0,0.0,0.0
HG04210,0.0,0.0,0.0
HG04211,0.0,0.0,0.0
HG04212,0.0,0.0,0.0
HG04214,0.0,0.0,0.0
HG04216,0.0,0.0,0.0
HG04219,0.0,0.0,0.0
HG04222,0.0,0.0,0.0
HG04225,0.0,0.0,0.0
HG04227,0.0,0.0,0.0
HG04229,0.0,0.0,0.0
HG04235,0.0,0.0,0.0
HG04238,0.0,0.0,0.0
HG04239,0.0,0.0,0.0
NA06984,0.0,0.0,0.0
NA06985,0.0,0.0,0.0
NA06986,0.0,0.0,0.0
NA06989,0.0,0.0,0.0
NA06994,0.0,0.0,0.0
NA07000,0.0,0.0,0.0
NA07037,0.0,0.0,0.0
NA07048,0.0,0.0,0.0
NA07051,0.0,0.0,0.0
NA07056,0.0,0.0,0.0
NA07347,0.0,0.0,0.0
NA07357,0.0,0.0,0.0
NA10847,0.0,0.0,0.0
NA10851,0.0,0.0,0.0
NA11829,0.0,0.0,0.0
NA11830,0.0,0.0,0.0
NA11831,0.0,0.0,0.0
NA11832,0.0,0.0,0.0
NA11840,0.0,0.0,0.0
NA11843,0.0,0.0,0.0
NA11881,0.0,0.0,0.0
NA11892,0.0,0.0,0.0
NA11893,0.0,0.0,0.0
NA11894,0.0,0.0,0.0
NA11918,0.0,0.0,0.0
NA11919,0.0,0.0,0.0
NA11920,0.0,0.0,0.0
NA11930,0.0,0.0,0.0
NA11931,0.0,0.0,0.0
NA11932,0.0,0.0,0.0
NA11933,0.0,0.0,0.0
NA11992,0.0,0.0,0.0
NA11994,0.0,0.0,0.0
NA11995,0.0,0.0,0.0
NA12003,0.0,0.0,0.0
NA12004,0.0,0.0,0.0
NA12005,0.0,0.0,0.0
NA12006,0.0,0.0,0.0
NA12043,0.0,0.0,0.0
NA12044,0.0,0.0,0.0
NA12045,0.0,0.0,0.0
NA12046,0.0,0.0,0.0
NA12058,0.0,0.0,0.0
NA12144,0.0,0.0,0.0
NA12154,0.0,0.0,0.0
NA12155,0.0,0.0,0.0
NA12156,0.0,0.0,0.0
NA12234,0.0,0.0,0.0
NA12249,0.0,0.0,0.0
NA12272,0.0,0.0,0.0
NA12273,0.0,0.0,0.0
NA12275,0.0,0.0,0.0
NA12282,0.0,0.0,0.0
NA12283,0.0,0.0,0.0
NA12286,0.0,0.0,0.0
NA12287,0.0,0.0,0.0
NA12340,0.0,0.0,0.0
NA12341,0.0,0.0,0.0
NA12342,0.0,0.0,0.0
NA12347,0.0,0.0,0.0
NA12348,0.0,0.0,0.0
NA12383,0.0,0.0,0.0
NA12399,0.0,0.0,0.0
NA12400,0.0,0.0,0.0
NA12413,0.0,0.0,0.0
NA12414,0.0,0.0,0.0
NA12489,0.0,0.0,0.0
NA12716,0.0,0.0,0.0
NA12717,0.0,0.0,0.0
NA12718,0.0,0.0,0.0
NA12748,0.0,0.0,0.0
NA12749,0.0,0.0,0.0
NA12750,0.0,0.0,0.0
NA12751,0.0,0.0,0.0
NA12760,0.0,0.0,0.0
NA12761,0.0,0.0,0.0
NA12762,0.0,0.0,0.0
NA12763,0.0,0.0,0.0
NA12775,0.0,0.0,0.0
NA12776,0.0,0.0,0.0
NA12777,0.0,0.0,0.0
NA12778,0.0,0.0,0.0
NA12812,0.0,0.0,0.0
NA12813,0.0,0.0,0.0
NA12814,0.0,0.0,0.0
NA12815,0.0,0.0,0.0
NA12827,0.0,0.0,0.0
NA12828,0.0,0.0,0.0
NA12829,0.0,0.0,0.0
NA12842,0.0,0.0,0.0
NA12843,0.0,0.0,0.0
NA12872,0.0,0.0,0.0
NA12873,0.0,0.0,0.0
NA12874,0.0,0.0,0.0
NA12878,0.0,0.0,0.0
NA12889,0.0,0.0,0.0
NA12890,0.0,0.0,0.0
NA18486,0.0,0.0,0.0
NA18488,0.0,0.0,0.0
NA18489,0.0,0.0,0.0
NA18498,0.0,0.0,0.0
NA18499,0.0,0.0,0.0
NA18501,0.0,0.0,0.0
NA18502,0.0,0.0,0.0
NA18504,0.0,0.0,0.0
NA18505,0.0,0.0,0.0
NA18507,0.0,0.0,0.0
NA18508,0.0,0.0,0.0
NA18510,0.0,0.0,0.0
NA18511,0.0,0.0,0.0
NA18516,0.0,0.0,0.0
NA18517,0.0,0.0,0.0
NA18519,0.0,0.0,0.0
NA18520,0.0,0.0,0.0
NA18522,0.0,0.0,0.0
NA18523,0.0,0.0,0.0
NA18525,0.0,0.0,0.0
NA18526,0.0,0.0,0.0
NA18528,0.0,0.0,0.0
NA18530,0.0,0.0,0.0
NA18531,0.0,0.0,0.0
NA18532,0.0,0.0,0.0
NA18533,0.0,0.0,0.0
NA18534,0.0,0.0,0.0
NA18535,0.0,0.0,0.0
NA18536,0.0,0.0,0.0
NA18537,0.0,0.0,0.0
NA18538,0.0,0.0,0.0
NA18539,0.0,0.0,0.0
NA18541,0.0,0.0,0.0
NA18542,0.0,0.0,0.0
NA18543,0.0,0.0,0.0
NA18544,0.0,0.0,0.0
NA18545,0.0,0.0,0.0
NA18546,0.0,0.0,0.0
NA18547,0.0,0.0,0.0
NA18548,0.0,0.0,0.0
NA18549,0.0,0.0,0.0
NA18550,0.0,0.0,0.0
NA18552,0.0,0.0,0.0
NA18553,0.0,0.0,0.0
NA18555,0.0,0.0,0.0
NA18557,0.0,0.0,0.0
NA18558,0.0,0.0,0.0
NA18559,0.0,0.0,0.0
NA18560,0.0,0.0,0.0
NA18561,0.0,0.0,0.0
NA18562,0.0,0.0,0.0
NA18563,0.0,0.0,0.0
NA18564,0.0,0.0,0.0
NA18565,0.0,0.0,0.0
NA18566,0.0,0.0,0.0
NA18567,0.0,0.0,0.0
NA18570,0.0,0.0,0.0
NA18571,0.0,0.0,0.0
NA18572,0.0,0.0,0.0
NA18573,0.0,0.0,0.0
NA18574,0.0,0.0,0.0
NA18577,0.0,0.0,0.0
NA18579,0.0,0.0,0.0
NA18582,0.0,0.0,0.0
NA18591,0.0,0.0,0.0
NA18592,0.0,0.0,0.0
NA18593,0.0,0.0,0.0
NA18595,0.0,0.0,0.0
NA18596,0.0,0.0,0.0
NA18597,0.0,0.0,0.0
NA18599,0.0,0.0,0.0
NA18602,0.0,0.0,0.0
NA18603,0.0,0.0,0.0
NA18605,0.0,0.0,0.0
NA18606,0.0,0.0,0.0
NA18608,0.0,0.0,0.0
NA18609,0.0,0.0,0.0
NA18610,0.0,0.0,0.0
NA18611,0.0,0.0,0.0
NA18612,0.0,0.0,0.0
NA18613,0.0,0.0,0.0
NA18614,0.0,0.0,0.0
NA18615,0.0,0.0,0.0
NA18616,0.0,0.0,0.0
NA18617,0.0,0.0,0.0
NA18618,0.0,0.0,0.0
NA18619,0.0,0.0,0.0
NA18620,0.0,0.0,0.0
NA18621,0.0,0.0,0.0
NA18622,0.0,0.0,0.0
NA18623,0.0,0.0,0.0
NA18624,0.0,0.0,0.0
NA18625,0.0,0.0,0.0
NA18626,0.0,0.0,0.0
NA18627,0.0,0.0,0.0
NA18628,0.0,0.0,0.0
NA18629,0.0,0.0,0.0
NA18630,0.0,0.0,0.0
NA18631,0.0,0.0,0.0
NA18632,0.0,0.0,0.0
NA18633,0.0,0.0,0.0
NA18634,0.0,0.0,0.0
NA18635,0.0,0.0,0.0
NA18636,0.0,0.0,0.0
NA18637,0.0,0.0,0.0
NA18638,0.0,0.0,0.0
NA18639,0.0,0.0,0.0
NA18640,0.0,0.0,0.0
NA18641,0.0,0.0,0.0
NA18642,0.0,0.0,0.0
NA18643,0.0,0.0,0.0
NA18644,0.0,0.0,0.0
NA18645,0.0,0.0,0.0
NA18646,0.0,0.0,0.0
NA18647,0.0,0.0,0.0
NA18648,0.0,0.0,0.0
NA18740,0.0,0.0,0.0
NA18745,0.0,0.0,0.0
NA18747,0.0,0.0,0.0
NA18748,0.0,0.0,0.0
NA18749,0.0,0.0,0.0
NA18757,0.0,0.0,0.0
NA18853,0.0,0.0,0.0
NA18856,0.0,0.0,0.0
NA18858,0.0,0.0,0.0
NA18861,0.0,0.0,0.0
NA18864,0.0,0.0,0.0
NA18865,0.0,0.0,0.0
NA18867,0.0,0.0,0.0
NA18868,0.0,0.0,0.0
NA18870,0.0,0.0,0.0
NA18871,0.0,0.0,0.0
NA18873,0.0,0.0,0.0
NA18876,0.0,0.0,0.0
NA18877,0.0,0.0,0.0
NA18878,0.0,0.0,0.0
NA18879,0.0,0.0,0.0
NA18881,0.0,0.0,0.0
NA18907,0.0,0.0,0.0
NA18908,0.0,0.0,0.0
NA18909,0.0,0.0,0.0
NA18910,0.0,0.0,0.0
NA18912,0.0,0.0,0.0
NA18915,0.0,0.0,0.0
NA18916,0.0,0.0,0.0
NA18917,0.0,0.0,0.0
NA18923,0.0,0.0,0.0
NA18924,0.0,0.0,0.0
NA18933,0.0,0.0,0.0
NA18934,0.0,0.0,0.0
NA18939,0.0,0.0,0.0
NA18940,0.0,0.0,0.0
NA18941,0.0,0.0,0.0
NA18942,0.0,0.0,0.0
NA18943,0.0,0.0,0.0
NA18944,0.0,0.0,0.0
NA18945,0.0,0.0,0.0
NA18946,0.0,0.0,0.0
NA18947,0.0,0.0,0.0
NA18948,0.0,0.0,0.0
NA18949,0.0,0.0,0.0
NA18950,0.0,0.0,0.0
NA18951,0.0,0.0,0.0
NA18952,0.0,0.0,0.0
NA18953,0.0,0.0,0.0
NA18954,0.0,0.0,0.0
NA18956,0.0,0.0,0.0
NA18957,0.0,0.0,0.0
NA18959,0.0,0.0,0.0
NA18960,0.0,0.0,0.0
NA18961,0.0,0.0,0.0
NA18962,0.0,0.0,0.0
NA18963,0.0,0.0,0.0
NA18964,0.0,0.0,0.0
NA18965,0.0,0.0,0.0
NA18966,0.0,0.0,0.0
NA18967,0.0,0.0,0.0
NA18968,0.0,0.0,0.0
NA18969,0.0,0.0,0.0
NA18970,0.0,0.0,0.0
NA18971,0.0,0.0,0.0
NA18972,0.0,0.0,0.0
NA18973,0.0,0.0,0.0
NA18974,0.0,0.0,0.0
NA18975,0.0,0.0,0.0
NA18976,0.0,0.0,0.0
NA18977,0.0,0.0,0.0
NA18978,0.0,0.0,0.0
NA18979,0.0,0.0,0.0
NA18980,0.0,0.0,0.0
NA18981,0.0,0.0,0.0
NA18982,0.0,0.0,0.0
NA18983,0.0,0.0,0.0
NA18984,0.0,0.0,0.0
NA18985,0.0,0.0,0.0
NA18986,0.0,0.0,0.0
NA18987,0.0,0.0,0.0
NA18988,0.0,0.0,0.0
NA18989,0.0,0.0,0.0
NA18990,0.0,0.0,0.0
NA18991,0.0,0.0,0.0
NA18992,0.0,0.0,0.0
NA18993,0.0,0.0,0.0
NA18994,0.0,0.0,0.0
NA18995,0.0,0.0,0.0
NA18997,0.0,0.0,0.0
NA18998,0.0,0.0,0.0
NA18999,0.0,0.0,0.0
NA19000,0.0,0.0,0.0
NA19001,0.0,0.0,0.0
NA19002,0.0,0.0,0.0
NA19003,0.0,0.0,0.0
NA19004,0.0,0.0,0.0
NA19005,0.0,0.0,0.0
NA19006,0.0,0.0,0.0
NA19007,0.0,0.0,0.0
NA19009,0.0,0.0,0.0
NA19010,0.0,0.0,0.0
NA19011,0.0,0.0,0.0
NA19012,0.0,0.0,0.0
NA19017,0.0,0.0,0.0
NA19019,0.0,0.0,0.0
NA19020,0.0,0.0,0.0
NA19023,0.0,0.0,0.0
NA19024,0.0,0.0,0.0
NA19025,0.0,0.0,0.0
NA19026,0.0,0.0,0.0
NA19027,0.0,0.0,0.0
NA19028,0.0,0.0,0.0
NA19030,0.0,0.0,0.0
NA19031,0.0,0.0,0.0
NA19035,0.0,0.0,0.0
NA19036,0.0,0.0,0.0
NA19037,0.0,0.0,0.0
NA19038,0.0,0.0,0.0
NA19041,0.0,0.0,0.0
NA19042,0.0,0.0,0.0
NA19043,0.0,0.0,0.0
NA19054,0.0,0.0,0.0
NA19055,0.0,0.0,0.0
NA19056,0.0,0.0,0.0
NA19057,0.0,0.0,0.0
NA19058,0.0,0.0,0.0
NA19059,0.0,0.0,0.0
NA19060,0.0,0.0,0.0
NA19062,0.0,0.0,0.0
NA19063,0.0,0.0,0.0
NA19064,0.0,0.0,0.0
NA19065,0.0,0.0,0.0
NA19066,0.0,0.0,0.0
NA19067,0.0,0.0,0.0
NA19068,0.0,0.0,0.0
NA19070,0.0,0.0,0.0
NA19072,0.0,0.0,0.0
NA19074,0.0,0.0,0.0
NA19075,0.0,0.0,0.0
NA19076,0.0,0.0,0.0
NA19077,0.0,0.0,0.0
NA19078,0.0,0.0,0.0
NA19079,0.0,0.0,0.0
NA19080,0.0,0.0,0.0
NA19081,0.0,0.0,0.0
NA19082,0.0,0.0,0.0
NA19083,0.0,0.0,0.0
NA19084,0.0,0.0,0.0
NA19085,0.0,0.0,0.0
NA19086,0.0,0.0,0.0
NA19087,0.0,0.0,0.0
NA19088,0.0,0.0,0.0
NA19089,0.0,0.0,0.0
NA19090,0.0,0.0,0.0
NA19091,0.0,0.0,0.0
NA19092,0.0,0.0,0.0
NA19093,0.0,0.0,0.0
NA19095,0.0,0.0,0.0
NA19096,0.0,0.0,0.0
NA19098,0.0,0.0,0.0
NA19099,0.0,0.0,0.0
NA19102,0.0,0.0,0.0
NA19107,0.0,0.0,0.0
NA19108,0.0,0.0,0.0
NA19113,0.0,0.0,0.0
NA19114,0.0,0.0,0.0
NA19116,0.0,0.0,0.0
NA19117,0.0,0.0,0.0
NA19118,0.0,0.0,0.0
NA19119,0.0,0.0,0.0
NA19121,0.0,0.0,0.0
NA19129,0.0,0.0,0.0
NA19130,0.0,0.0,0.0
NA19131,0.0,0.0,0.0
NA19137,0.0,0.0,0.0
NA19138,0.0,0.0,0.0
NA19141,0.0,0.0,0.0
NA19143,0.0,0.0,0.0
NA19144,0.0,0.0,0.0
NA19146,0.0,0.0,0.0
NA19147,0.0,0.0,0.0
NA19149,0.0,0.0,0.0
NA19152,0.0,0.0,0.0
NA19153,0.0,0.0,0.0
NA19159,0.0,0.0,0.0
NA19160,0.0,0.0,0.0
NA19171,0.0,0.0,0.0
NA19172,0.0,0.0,0.0
NA19175,0.0,0.0,0.0
NA19184,0.0,0.0,0.0
NA19185,0.0,0.0,0.0
NA19189,0.0,0.0,0.0
NA19190,0.0,0.0,0.0
NA19197,0.0,0.0,0.0
NA19198,0.0,0.0,0.0
NA19200,0.0,0.0,0.0
NA19201,0.0,0.0,0.0
NA19204,0.0,0.0,0.0
NA19206,0.0,0.0,0.0
NA19207,0.0,0.0,0.0
NA19209,0.0,0.0,0.0
NA19210,0.0,0.0,0.0
NA19213,0.0,0.0,0.0
NA19214,0.0,0.0,0.0
NA19222,0.0,0.0,0.0
NA19223,0.0,0.0,0.0
NA19225,0.0,0.0,0.0
NA19235,0.0,0.0,0.0
NA19236,0.0,0.0,0.0
NA19238,0.0,0.0,0.0
NA19239,0.0,0.0,0.0
NA19247,0.0,0.0,0.0
NA19248,0.0,0.0,0.0
NA19256,0.0,0.0,0.0
NA19257,0.0,0.0,0.0
NA19307,0.0,0.0,0.0
NA19308,0.0,0.0,0.0
NA19309,0.0,0.0,0.0
NA19310,0.0,0.0,0.0
NA19312,0.0,0.0,0.0
NA19314,0.0,0.0,0.0
NA19315,0.0,0.0,0.0
NA19316,0.0,0.0,0.0
NA19317,0.0,0.0,0.0
NA19318,0.0,0.0,0.0
NA19319,0.0,0.0,0.0
NA19320,0.0,0.0,0.0
NA19321,0.0,0.0,0.0
NA19323,0.0,0.0,0.0
NA19324,0.0,0.0,0.0
NA19327,0.0,0.0,0.0
NA19328,0.0,0.0,0.0
NA19331,0.0,0.0,0.0
NA19332,0.0,0.0,0.0
NA19334,0.0,0.0,0.0
NA19338,0.0,0.0,0.0
NA19346,0.0,0.0,0.0
NA19347,0.0,0.0,0.0
NA19350,0.0,0.0,0.0
NA19351,0.0,0.0,0.0
NA19355,0.0,0.0,0.0
NA19360,0.0,0.0,0.0
NA19372,0.0,0.0,0.0
NA19374,0.0,0.0,0.0
NA19375,0.0,0.0,0.0
NA19376,0.0,0.0,0.0
NA19377,0.0,0.0,0.0
NA19378,0.0,0.0,0.0
NA19379,0.0,0.0,0.0
NA19380,0.0,0.0,0.0
NA19383,0.0,0.0,0.0
NA19384,0.0,0.0,0.0
NA19385,0.0,0.0,0.0
NA19390,0.0,0.0,0.0
NA19391,0.0,0.0,0.0
NA19393,0.0,0.0,0.0
NA19394,0.0,0.0,0.0
NA19395,0.0,0.0,0.0
NA19397,0.0,0.0,0.0
NA19399,0.0,0.0,0.0
NA19401,0.0,0.0,0.0
NA19403,0.0,0.0,0.0
NA19404,0.0,0.0,0.0
NA19428,0.0,0.0,0.0
NA19429,0.0,0.0,0.0
NA19430,0.0,0.0,0.0
NA19431,0.0,0.0,0.0
NA19434,0.0,0.0,0.0
NA19435,0.0,0.0,0.0
NA19436,0.0,0.0,0.0
NA19437,0.0,0.0,0.0
NA19438,0.0,0.0,0.0
NA19439,0.0,0.0,0.0
NA19440,0.0,0.0,0.0
NA19443,0.0,0.0,0.0
NA19445,0.0,0.0,0.0
NA19446,0.0,0.0,0.0
NA19448,0.0,0.0,0.0
NA19449,0.0,0.0,0.0
NA19451,0.0,0.0,0.0
NA19452,0.0,0.0,0.0
NA19454,0.0,0.0,0.0
NA19455,0.0,0.0,0.0
NA19456,0.0,0.0,0.0
NA19457,0.0,0.0,0.0
NA19461,0.0,0.0,0.0
NA19462,0.0,0.0,0.0
NA19463,0.0,0.0,0.0
NA19466,0.0,0.0,0.0
NA19467,0.0,0.0,0.0
NA19468,0.0,0.0,0.0
NA19471,0.0,0.0,0.0
NA19472,0.0,0.0,0.0
NA19473,0.0,0.0,0.0
NA19474,0.0,0.0,0.0
NA19475,0.0,0.0,0.0
NA19625,0.204133,0.674872,0.120995
NA19648,0.021761,0.006258,0.971981
NA19649,0.175768,0.029614,0.794618
NA19651,0.214999,0.049733,0.735268
NA19652,0.223566,0.037999,0.738435
NA19654,0.49455,0.058318,0.447132
NA19655,0.264081,0.047695,0.688223
NA19657,0.539542,0.047397,0.413061
NA19658,0.295741,0.024162,0.680097
NA19661,0.425807,0.041288,0.532905
NA19663,0.54201,0.070837,0.387153
NA19664,0.465253,0.065837,0.46891
NA19669,0.28794,0.020623,0.691437
NA19670,0.424526,0.047588,0.527887
NA19676,0.249411,0.027489,0.7231
NA19678,0.152966,0.055874,0.791161
NA19679,1e-05,0.008329,0.991661
NA19681,0.528477,0.054012,0.417512
NA19682,0.437923,0.02297,0.539107
NA19684,0.25163,0.003225,0.745145
NA19700,1e-05,0.856884,0.143106
NA19701,0.021522,0.869455,0.109022
NA19703,1e-05,0.883418,0.116572
NA19704,0.001864,0.880483,0.117653
NA19707,0.00999,0.743916,0.246094
NA19711,0.005561,0.907272,0.087167
NA19712,0.008804,0.910308,0.080888
NA19713,1e-05,0.758336,0.241654
NA19716,0.492579,0.057795,0.449625
NA19717,0.538804,0.040739,0.420456
NA19719,0.368463,0.053115,0.578422
NA19720,0.596042,0.050909,0.353049
NA19722,0.419397,0.048361,0.532242
NA19723,0.457912,0.091814,0.450274
NA19725,0.308174,0.037617,0.654209
NA19726,0.564745,0.016936,0.418319
NA19728,0.885977,1e-05,0.114013
NA19729,0.846669,0.007845,0.145486
NA19731,0.920364,1e-05,0.079626
NA19732,0.912525,1e-05,0.087465
NA19734,0.577398,0.019584,0.403018
NA19735,0.792016,0.021642,0.186342
NA19740,0.696058,0.032946,0.270996
NA19741,0.778284,0.00768,0.214035
NA19746,0.634629,0.038837,0.326533
NA19747,0.477888,0.031676,0.490436
NA19749,0.323979,0.053896,0.622125
NA19750,0.242678,0.03229,0.725032
NA19752,0.457465,0.028552,0.513982
NA19755,0.615737,0.056029,0.328234
NA19756,0.434597,0.071267,0.494137
NA19758,0.7142,0.016706,0.269094
NA19759,0.695928,0.024285,0.279787
NA19761,0.491254,0.061836,0.44691
NA19762,0.563609,0.06754,0.368851
NA19764,0.333289,0.060784,0.605927
NA19770,0.353857,0.051521,0.594622
NA19771,0.451017,0.04777,0.501213
NA19773,0.321177,0.029108,0.649715
NA19774,0.427263,0.057956,0.514781
NA19776,0.403391,0.094791,0.501818
NA19777,0.379472,0.083224,0.537304
NA19779,0.257009,0.045077,0.697914
NA19780,0.316288,0.036397,0.647315
NA19782,0.405818,0.062912,0.53127
NA19783,0.683784,0.014872,0.301344
NA19785,0.629011,0.049318,0.321671
NA19786,0.534987,0.043633,0.42138
NA19788,0.58518,0.052547,0.362273
NA19789,0.386268,0.069895,0.543837
NA19792,0.273298,0.061041,0.665661
NA19794,0.260865,0.03294,0.706195
NA19795,0.431629,0.054001,0.51437
NA19818,0.006773,0.743484,0.249743
NA19819,0.000363,0.735407,0.26423
NA19834,1e-05,0.775939,0.224051
NA19835,0.002785,0.858797,0.138417
NA19900,1e-05,0.855796,0.144194
NA19901,0.007747,0.937901,0.054352
NA19904,1e-05,0.842215,0.157775
NA19908,0.002497,0.913037,0.084467
NA19909,0.022526,0.904218,0.073256
NA19913,0.008415,0.863582,0.128003
NA19914,1e-05,0.719709,0.280281
NA19916,1e-05,0.920405,0.079585
NA19917,0.00555,0.939157,0.055292
NA19920,1e-05,0.938993,0.060997
NA19921,0.089266,0.59773,0.313004
NA19922,0.003613,0.71842,0.277967
NA19923,1e-05,0.631736,0.368254
NA19982,1e-05,0.906253,0.093737
NA19984,0.005389,0.890162,0.104449
NA20126,0.002039,0.718902,0.279059
NA20127,0.000481,0.942124,0.057396
NA20274,0.423775,0.321418,0.254807
NA20276,1e-05,0.837884,0.162106
NA20278,1e-05,0.489715,0.510275
NA20281,0.002095,0.86394,0.133965
NA20282,0.003642,0.75368,0.242678
NA20287,0.005545,0.845643,0.148813
NA20289,1e-05,0.802918,0.197072
NA20291,1e-05,0.99998,1e-05
NA20294,0.001457,0.879714,0.118829
NA20296,0.00239,0.800054,0.197556
NA20298,0.006691,0.954292,0.039017
NA20299,0.398609,0.440757,0.160634
NA20314,0.57899,0.00753,0.413481
NA20317,1e-05,0.735341,0.264649
NA20318,0.024208,0.739607,0.236185
NA20320,0.015514,0.919427,0.065058
NA20321,0.007587,0.805877,0.186536
NA20332,0.0017,0.811238,0.187062
NA20334,1e-05,0.655622,0.344368
NA20339,0.03543,0.900174,0.064396
NA20340,0.002333,0.866828,0.130839
NA20342,0.002593,0.615264,0.382142
NA20346,0.012667,0.852469,0.134864
NA20348,0.001598,0.863356,0.135046
NA20351,0.001036,0.681142,0.317822
NA20355,0.000409,0.838415,0.161175
NA20356,1e-05,0.89708,0.10291
NA20357,0.004104,0.927574,0.068322
NA20359,0.002774,0.791363,0.205864
NA20362,0.004227,0.793192,0.202582
NA20412,0.030836,0.778333,0.19083
NA20502,0.0,0.0,0.0
NA20503,0.0,0.0,0.0
NA20504,0.0,0.0,0.0
NA20505,0.0,0.0,0.0
NA20506,0.0,0.0,0.0
NA20507,0.0,0.0,0.0
NA20508,0.0,0.0,0.0
NA20509,0.0,0.0,0.0
NA20510,0.0,0.0,0.0
NA20511,0.0,0.0,0.0
NA20512,0.0,0.0,0.0
NA20513,0.0,0.0,0.0
NA20514,0.0,0.0,0.0
NA20515,0.0,0.0,0.0
NA20516,0.0,0.0,0.0
NA20517,0.0,0.0,0.0
NA20518,0.0,0.0,0.0
NA20519,0.0,0.0,0.0
NA20520,0.0,0.0,0.0
NA20521,0.0,0.0,0.0
NA20522,0.0,0.0,0.0
NA20524,0.0,0.0,0.0
NA20525,0.0,0.0,0.0
NA20527,0.0,0.0,0.0
NA20528,0.0,0.0,0.0
NA20529,0.0,0.0,0.0
NA20530,0.0,0.0,0.0
NA20531,0.0,0.0,0.0
NA20532,0.0,0.0,0.0
NA20533,0.0,0.0,0.0
NA20534,0.0,0.0,0.0
NA20535,0.0,0.0,0.0
NA20536,0.0,0.0,0.0
NA20538,0.0,0.0,0.0
NA20539,0.0,0.0,0.0
NA20540,0.0,0.0,0.0
NA20541,0.0,0.0,0.0
NA20542,0.0,0.0,0.0
NA20543,0.0,0.0,0.0
NA20544,0.0,0.0,0.0
NA20581,0.0,0.0,0.0
NA20582,0.0,0.0,0.0
NA20585,0.0,0.0,0.0
NA20586,0.0,0.0,0.0
NA20587,0.0,0.0,0.0
NA20588,0.0,0.0,0.0
NA20589,0.0,0.0,0.0
NA20752,0.0,0.0,0.0
NA20753,0.0,0.0,0.0
NA20754,0.0,0.0,0.0
NA20755,0.0,0.0,0.0
NA20756,0.0,0.0,0.0
NA20757,0.0,0.0,0.0
NA20758,0.0,0.0,0.0
NA20759,0.0,0.0,0.0
NA20760,0.0,0.0,0.0
NA20761,0.0,0.0,0.0
NA20762,0.0,0.0,0.0
NA20763,0.0,0.0,0.0
NA20764,0.0,0.0,0.0
NA20765,0.0,0.0,0.0
NA20766,0.0,0.0,0.0
NA20767,0.0,0.0,0.0
NA20768,0.0,0.0,0.0
NA20769,0.0,0.0,0.0
NA20770,0.0,0.0,0.0
NA20771,0.0,0.0,0.0
NA20772,0.0,0.0,0.0
NA20773,0.0,0.0,0.0
NA20774,0.0,0.0,0.0
NA20775,0.0,0.0,0.0
NA20778,0.0,0.0,0.0
NA20783,0.0,0.0,0.0
NA20785,0.0,0.0,0.0
NA20786,0.0,0.0,0.0
NA20787,0.0,0.0,0.0
NA20790,0.0,0.0,0.0
NA20792,0.0,0.0,0.0
NA20795,0.0,0.0,0.0
NA20796,0.0,0.0,0.0
NA20797,0.0,0.0,0.0
NA20798,0.0,0.0,0.0
NA20799,0.0,0.0,0.0
NA20800,0.0,0.0,0.0
NA20801,0.0,0.0,0.0
NA20802,0.0,0.0,0.0
NA20803,0.0,0.0,0.0
NA20804,0.0,0.0,0.0
NA20805,0.0,0.0,0.0
NA20806,0.0,0.0,0.0
NA20807,0.0,0.0,0.0
NA20808,0.0,0.0,0.0
NA20809,0.0,0.0,0.0
NA20810,0.0,0.0,0.0
NA20811,0.0,0.0,0.0
NA20812,0.0,0.0,0.0
NA20813,0.0,0.0,0.0
NA20814,0.0,0.0,0.0
NA20815,0.0,0.0,0.0
NA20818,0.0,0.0,0.0
NA20819,0.0,0.0,0.0
NA20821,0.0,0.0,0.0
NA20822,0.0,0.0,0.0
NA20826,0.0,0.0,0.0
NA20827,0.0,0.0,0.0
NA20828,0.0,0.0,0.0
NA20832,0.0,0.0,0.0
NA20845,0.0,0.0,0.0
NA20846,0.0,0.0,0.0
NA20847,0.0,0.0,0.0
NA20849,0.0,0.0,0.0
NA20850,0.0,0.0,0.0
NA20851,0.0,0.0,0.0
NA20852,0.0,0.0,0.0
NA20853,0.0,0.0,0.0
NA20854,0.0,0.0,0.0
NA20856,0.0,0.0,0.0
NA20858,0.0,0.0,0.0
NA20859,0.0,0.0,0.0
NA20861,0.0,0.0,0.0
NA20862,0.0,0.0,0.0
NA20863,0.0,0.0,0.0
NA20864,0.0,0.0,0.0
NA20866,0.0,0.0,0.0
NA20867,0.0,0.0,0.0
NA20868,0.0,0.0,0.0
NA20869,0.0,0.0,0.0
NA20870,0.0,0.0,0.0
NA20872,0.0,0.0,0.0
NA20874,0.0,0.0,0.0
NA20875,0.0,0.0,0.0
NA20876,0.0,0.0,0.0
NA20877,0.0,0.0,0.0
NA20878,0.0,0.0,0.0
NA20881,0.0,0.0,0.0
NA20882,0.0,0.0,0.0
NA20884,0.0,0.0,0.0
NA20885,0.0,0.0,0.0
NA20886,0.0,0.0,0.0
NA20887,0.0,0.0,0.0
NA20888,0.0,0.0,0.0
NA20889,0.0,0.0,0.0
NA20890,0.0,0.0,0.0
NA20891,0.0,0.0,0.0
NA20892,0.0,0.0,0.0
NA20894,0.0,0.0,0.0
NA20895,0.0,0.0,0.0
NA20896,0.0,0.0,0.0
NA20897,0.0,0.0,0.0
NA20899,0.0,0.0,0.0
NA20900,0.0,0.0,0.0
NA20901,0.0,0.0,0.0
NA20902,0.0,0.0,0.0
NA20903,0.0,0.0,0.0
NA20904,0.0,0.0,0.0
NA20905,0.0,0.0,0.0
NA20906,0.0,0.0,0.0
NA20908,0.0,0.0,0.0
NA20910,0.0,0.0,0.0
NA20911,0.0,0.0,0.0
NA21086,0.0,0.0,0.0
NA21087,0.0,0.0,0.0
NA21088,0.0,0.0,0.0
NA21089,0.0,0.0,0.0
NA21090,0.0,0.0,0.0
NA21091,0.0,0.0,0.0
NA21092,0.0,0.0,0.0
NA21093,0.0,0.0,0.0
NA21094,0.0,0.0,0.0
NA21095,0.0,0.0,0.0
NA21097,0.0,0.0,0.0
NA21098,0.0,0.0,0.0
NA21099,0.0,0.0,0.0
NA21100,0.0,0.0,0.0
NA21101,0.0,0.0,0.0
NA21102,0.0,0.0,0.0
NA21103,0.0,0.0,0.0
NA21104,0.0,0.0,0.0
NA21105,0.0,0.0,0.0
NA21106,0.0,0.0,0.0
NA21107,0.0,0.0,0.0
NA21108,0.0,0.0,0.0
NA21109,0.0,0.0,0.0
NA21110,0.0,0.0,0.0
NA21111,0.0,0.0,0.0
NA21112,0.0,0.0,0.0
NA21113,0.0,0.0,0.0
NA21114,0.0,0.0,0.0
NA21115,0.0,0.0,0.0
NA21116,0.0,0.0,0.0
NA21117,0.0,0.0,0.0
NA21118,0.0,0.0,0.0
NA21119,0.0,0.0,0.0
NA21120,0.0,0.0,0.0
NA21122,0.0,0.0,0.0
NA21123,0.0,0.0,0.0
NA21124,0.0,0.0,0.0
NA21125,0.0,0.0,0.0
NA21126,0.0,0.0,0.0
NA21127,0.0,0.0,0.0
NA21128,0.0,0.0,0.0
NA21129,0.0,0.0,0.0
NA21130,0.0,0.0,0.0
NA21133,0.0,0.0,0.0
NA21135,0.0,0.0,0.0
NA21137,0.0,0.0,0.0
NA21141,0.0,0.0,0.0
NA21142,0.0,0.0,0.0
NA21143,0.0,0.0,0.0
NA21144,0.0,0.0,0.0
